# family=random seed=2
200 3923
0 3
0 4
0 12
0 21
0 22
0 30
0 32
0 36
0 46
0 66
0 82
0 86
0 88
0 93
0 101
0 103
0 105
0 107
0 109
0 112
0 113
0 116
0 118
0 119
0 123
0 125
0 137
0 140
0 144
0 149
0 151
0 152
0 153
0 154
0 155
0 171
0 172
0 174
0 177
0 178
0 192
0 195
0 196
1 7
1 9
1 13
1 19
1 23
1 25
1 31
1 32
1 33
1 38
1 62
1 65
1 67
1 68
1 72
1 79
1 83
1 94
1 96
1 99
1 119
1 125
1 131
1 134
1 137
1 139
1 147
1 148
1 158
1 159
1 161
1 168
1 169
1 173
1 186
1 194
2 10
2 15
2 17
2 26
2 28
2 55
2 60
2 62
2 63
2 76
2 79
2 80
2 92
2 93
2 97
2 119
2 120
2 122
2 126
2 129
2 130
2 132
2 133
2 135
2 138
2 143
2 145
2 146
2 152
2 154
2 155
2 156
2 158
2 167
2 168
2 188
2 191
2 198
3 7
3 8
3 9
3 12
3 29
3 48
3 50
3 54
3 66
3 68
3 77
3 79
3 80
3 83
3 90
3 102
3 104
3 116
3 119
3 123
3 131
3 133
3 134
3 140
3 142
3 145
3 154
3 163
3 166
3 171
3 177
3 178
3 185
3 191
3 193
3 195
3 196
4 6
4 11
4 23
4 25
4 27
4 42
4 66
4 79
4 96
4 98
4 103
4 106
4 111
4 112
4 113
4 116
4 126
4 138
4 148
4 152
4 153
4 159
4 162
4 163
4 165
4 166
4 169
4 174
4 176
4 181
4 182
4 184
4 189
4 193
4 196
4 197
5 6
5 13
5 15
5 16
5 17
5 27
5 29
5 30
5 35
5 41
5 44
5 49
5 54
5 60
5 61
5 70
5 73
5 82
5 85
5 95
5 105
5 109
5 110
5 111
5 114
5 118
5 119
5 123
5 136
5 143
5 144
5 148
5 153
5 163
5 164
5 166
5 172
5 188
5 192
5 194
6 7
6 8
6 14
6 20
6 24
6 30
6 40
6 41
6 47
6 48
6 50
6 54
6 64
6 71
6 73
6 81
6 84
6 86
6 89
6 97
6 99
6 109
6 114
6 118
6 119
6 126
6 130
6 132
6 133
6 140
6 141
6 142
6 149
6 153
6 163
6 165
6 166
6 167
6 177
6 182
6 183
7 18
7 22
7 30
7 40
7 42
7 48
7 51
7 55
7 57
7 68
7 74
7 77
7 78
7 80
7 82
7 83
7 93
7 98
7 102
7 103
7 121
7 134
7 135
7 139
7 144
7 163
7 167
7 174
7 181
7 184
7 198
7 199
8 9
8 16
8 17
8 19
8 27
8 29
8 51
8 52
8 53
8 58
8 60
8 75
8 78
8 83
8 88
8 105
8 112
8 126
8 128
8 129
8 133
8 134
8 136
8 145
8 153
8 158
8 166
8 168
8 175
8 176
8 180
8 186
9 16
9 20
9 24
9 27
9 29
9 32
9 33
9 36
9 37
9 39
9 44
9 56
9 63
9 72
9 84
9 85
9 88
9 89
9 97
9 99
9 100
9 103
9 106
9 107
9 109
9 112
9 120
9 123
9 128
9 136
9 140
9 144
9 148
9 157
9 162
9 172
9 173
9 174
9 177
9 190
9 197
9 198
10 23
10 39
10 50
10 56
10 61
10 67
10 88
10 93
10 102
10 104
10 111
10 112
10 116
10 117
10 134
10 137
10 143
10 148
10 152
10 161
10 166
10 180
10 190
10 192
11 16
11 25
11 38
11 43
11 47
11 50
11 54
11 55
11 58
11 60
11 68
11 74
11 79
11 84
11 86
11 87
11 91
11 93
11 95
11 98
11 100
11 101
11 106
11 108
11 109
11 112
11 119
11 124
11 126
11 130
11 135
11 142
11 146
11 169
11 173
12 14
12 17
12 21
12 27
12 37
12 39
12 48
12 51
12 77
12 79
12 84
12 86
12 89
12 96
12 98
12 106
12 114
12 129
12 130
12 134
12 135
12 136
12 138
12 140
12 159
12 161
12 163
12 165
12 170
12 178
13 16
13 19
13 24
13 35
13 39
13 40
13 46
13 48
13 55
13 59
13 61
13 69
13 74
13 79
13 83
13 97
13 101
13 107
13 108
13 113
13 118
13 120
13 126
13 131
13 132
13 133
13 146
13 149
13 153
13 155
13 159
13 171
13 172
13 177
13 183
13 185
13 195
13 197
14 15
14 16
14 17
14 22
14 35
14 42
14 44
14 46
14 60
14 68
14 70
14 72
14 92
14 93
14 96
14 98
14 99
14 101
14 112
14 119
14 121
14 124
14 130
14 131
14 132
14 134
14 140
14 142
14 144
14 145
14 148
14 149
14 154
14 161
14 168
14 169
14 171
14 183
14 193
15 20
15 29
15 30
15 32
15 37
15 41
15 45
15 47
15 48
15 54
15 55
15 68
15 73
15 76
15 77
15 78
15 79
15 95
15 100
15 105
15 110
15 116
15 130
15 150
15 153
15 154
15 175
15 178
15 183
15 185
15 190
15 198
16 21
16 29
16 33
16 47
16 52
16 62
16 64
16 65
16 66
16 78
16 79
16 94
16 98
16 102
16 106
16 108
16 111
16 112
16 134
16 139
16 142
16 144
16 147
16 153
16 155
16 157
16 163
16 167
16 168
16 170
16 179
16 184
16 186
16 190
16 193
16 197
17 19
17 20
17 21
17 22
17 27
17 33
17 36
17 40
17 43
17 47
17 50
17 51
17 59
17 60
17 66
17 68
17 82
17 91
17 92
17 94
17 95
17 97
17 99
17 100
17 105
17 107
17 110
17 111
17 117
17 118
17 120
17 125
17 129
17 133
17 138
17 144
17 163
17 165
17 167
17 171
17 172
17 173
17 181
17 188
17 190
17 193
17 194
18 24
18 25
18 34
18 37
18 40
18 45
18 49
18 55
18 57
18 67
18 69
18 70
18 78
18 81
18 92
18 98
18 107
18 115
18 123
18 134
18 142
18 147
18 151
18 153
18 156
18 186
18 193
18 199
19 25
19 26
19 27
19 29
19 31
19 37
19 45
19 49
19 53
19 67
19 70
19 72
19 75
19 79
19 82
19 89
19 90
19 93
19 95
19 98
19 105
19 113
19 118
19 124
19 128
19 133
19 141
19 148
19 154
19 156
19 159
19 161
19 162
19 166
19 170
19 177
19 198
20 23
20 25
20 26
20 27
20 29
20 33
20 39
20 40
20 41
20 43
20 50
20 55
20 56
20 57
20 60
20 66
20 67
20 72
20 76
20 84
20 93
20 101
20 102
20 108
20 113
20 116
20 127
20 131
20 139
20 145
20 149
20 151
20 154
20 155
20 170
20 182
20 184
20 189
20 194
20 197
21 29
21 34
21 36
21 41
21 48
21 55
21 64
21 66
21 69
21 70
21 74
21 78
21 80
21 84
21 88
21 93
21 96
21 100
21 101
21 112
21 117
21 119
21 127
21 129
21 136
21 138
21 140
21 147
21 157
21 162
21 171
21 172
21 177
21 180
21 191
21 196
22 27
22 29
22 34
22 39
22 43
22 51
22 69
22 71
22 81
22 85
22 86
22 99
22 103
22 105
22 107
22 114
22 115
22 117
22 123
22 125
22 126
22 130
22 136
22 141
22 153
22 154
22 158
22 163
22 164
22 170
22 172
22 173
22 179
22 183
22 186
22 187
22 189
22 191
22 199
23 25
23 30
23 31
23 40
23 50
23 52
23 56
23 58
23 62
23 69
23 70
23 72
23 76
23 98
23 99
23 102
23 103
23 109
23 114
23 119
23 128
23 134
23 136
23 141
23 142
23 144
23 156
23 157
23 158
23 164
23 165
23 172
23 174
23 183
23 185
23 186
23 190
23 193
23 198
24 27
24 30
24 33
24 43
24 47
24 53
24 58
24 61
24 64
24 69
24 82
24 84
24 91
24 100
24 101
24 103
24 107
24 109
24 113
24 116
24 117
24 120
24 121
24 122
24 125
24 127
24 129
24 134
24 142
24 146
24 150
24 155
24 161
24 170
24 174
24 178
24 181
24 188
24 190
24 192
25 30
25 49
25 56
25 58
25 63
25 64
25 69
25 93
25 100
25 101
25 121
25 125
25 130
25 133
25 140
25 145
25 147
25 148
25 169
25 172
25 173
25 176
25 177
25 180
25 182
25 193
25 195
25 196
25 199
26 32
26 40
26 42
26 51
26 52
26 59
26 69
26 70
26 88
26 90
26 95
26 103
26 111
26 119
26 132
26 135
26 140
26 149
26 151
26 156
26 158
26 160
26 165
26 167
26 169
26 178
26 179
26 181
26 182
26 183
26 185
26 187
26 188
27 35
27 40
27 41
27 47
27 51
27 59
27 71
27 81
27 85
27 86
27 88
27 90
27 95
27 102
27 103
27 104
27 109
27 121
27 128
27 129
27 132
27 141
27 142
27 146
27 148
27 150
27 151
27 155
27 158
27 164
27 165
27 168
27 175
27 176
27 184
27 188
27 191
28 29
28 30
28 31
28 32
28 40
28 42
28 55
28 56
28 60
28 61
28 64
28 69
28 70
28 72
28 75
28 76
28 79
28 82
28 90
28 99
28 103
28 104
28 108
28 123
28 125
28 129
28 135
28 148
28 153
28 157
28 159
28 169
28 176
28 179
28 185
28 188
29 38
29 46
29 47
29 48
29 67
29 78
29 80
29 93
29 97
29 98
29 101
29 106
29 123
29 129
29 134
29 153
29 154
29 166
29 172
29 176
29 180
29 181
29 185
29 188
29 189
29 192
29 195
29 199
30 35
30 41
30 43
30 47
30 76
30 79
30 81
30 97
30 101
30 103
30 107
30 108
30 110
30 112
30 114
30 115
30 122
30 125
30 126
30 127
30 129
30 131
30 135
30 137
30 146
30 148
30 150
30 153
30 165
30 167
30 170
30 175
30 187
30 190
30 193
30 197
31 43
31 52
31 57
31 58
31 59
31 62
31 64
31 72
31 73
31 75
31 81
31 82
31 83
31 88
31 90
31 94
31 118
31 147
31 148
31 157
31 158
31 162
31 168
31 171
31 176
31 177
31 184
31 193
32 34
32 38
32 46
32 47
32 48
32 51
32 52
32 57
32 61
32 67
32 68
32 70
32 77
32 78
32 85
32 87
32 98
32 108
32 129
32 145
32 158
32 160
32 166
32 168
32 178
32 181
32 185
32 188
32 191
32 192
32 197
33 40
33 41
33 46
33 51
33 61
33 64
33 67
33 70
33 73
33 75
33 79
33 89
33 92
33 95
33 99
33 104
33 109
33 111
33 112
33 117
33 126
33 127
33 130
33 132
33 137
33 138
33 141
33 145
33 150
33 156
33 169
33 177
33 180
33 183
33 187
33 188
33 191
34 35
34 45
34 46
34 50
34 52
34 64
34 68
34 76
34 84
34 86
34 89
34 95
34 105
34 108
34 116
34 121
34 122
34 129
34 133
34 134
34 139
34 143
34 144
34 145
34 150
34 151
34 152
34 157
34 162
34 166
34 169
34 173
34 189
34 190
35 36
35 42
35 48
35 49
35 53
35 58
35 62
35 66
35 74
35 77
35 82
35 97
35 102
35 110
35 111
35 112
35 117
35 120
35 123
35 126
35 128
35 130
35 131
35 132
35 135
35 137
35 138
35 152
35 153
35 155
35 156
35 158
35 168
35 185
35 191
35 195
36 40
36 43
36 50
36 52
36 55
36 65
36 66
36 83
36 89
36 105
36 113
36 119
36 124
36 132
36 142
36 148
36 149
36 160
36 165
36 173
36 177
36 184
36 185
36 196
37 42
37 52
37 54
37 57
37 64
37 68
37 71
37 82
37 85
37 95
37 104
37 111
37 118
37 123
37 126
37 143
37 146
37 150
37 155
37 160
37 176
37 180
37 181
37 185
37 188
37 189
37 191
37 198
38 46
38 60
38 63
38 64
38 67
38 71
38 74
38 82
38 92
38 97
38 99
38 107
38 108
38 110
38 113
38 117
38 119
38 122
38 125
38 126
38 137
38 138
38 144
38 146
38 150
38 154
38 155
38 158
38 161
38 163
38 168
38 169
38 184
38 187
38 191
38 197
38 198
39 42
39 44
39 55
39 60
39 61
39 62
39 63
39 66
39 69
39 72
39 82
39 87
39 91
39 97
39 109
39 115
39 116
39 119
39 129
39 133
39 134
39 135
39 137
39 139
39 154
39 157
39 159
39 163
39 166
39 172
39 183
39 191
39 192
39 197
40 47
40 51
40 54
40 59
40 61
40 69
40 71
40 72
40 75
40 79
40 80
40 88
40 89
40 98
40 104
40 105
40 106
40 111
40 112
40 120
40 126
40 131
40 133
40 156
40 159
40 160
40 165
40 167
40 189
40 196
41 48
41 50
41 54
41 61
41 64
41 65
41 66
41 72
41 73
41 74
41 77
41 78
41 79
41 86
41 102
41 109
41 110
41 111
41 117
41 128
41 129
41 136
41 137
41 143
41 146
41 152
41 171
41 172
41 174
41 176
41 180
41 191
42 47
42 50
42 58
42 69
42 70
42 77
42 86
42 96
42 99
42 104
42 113
42 116
42 118
42 121
42 123
42 130
42 133
42 143
42 144
42 148
42 151
42 153
42 154
42 155
42 160
42 174
42 182
42 185
42 186
42 187
42 193
42 197
43 46
43 47
43 63
43 64
43 67
43 77
43 83
43 85
43 87
43 89
43 91
43 92
43 97
43 100
43 105
43 112
43 113
43 117
43 119
43 123
43 124
43 139
43 141
43 142
43 148
43 149
43 154
43 156
43 170
43 176
43 177
43 179
43 182
43 187
43 192
43 194
43 195
43 197
44 52
44 54
44 55
44 59
44 61
44 64
44 78
44 80
44 94
44 98
44 102
44 109
44 110
44 111
44 117
44 118
44 119
44 123
44 125
44 128
44 133
44 135
44 145
44 157
44 159
44 162
44 166
44 173
44 179
44 187
44 189
44 191
44 195
44 199
45 46
45 53
45 55
45 66
45 70
45 74
45 75
45 87
45 90
45 99
45 102
45 107
45 110
45 112
45 121
45 123
45 145
45 152
45 155
45 174
45 176
45 177
45 184
45 193
45 195
45 198
46 49
46 50
46 64
46 67
46 77
46 79
46 88
46 94
46 95
46 100
46 101
46 106
46 124
46 125
46 131
46 144
46 147
46 148
46 149
46 161
46 166
46 172
46 176
46 189
46 195
46 197
47 57
47 60
47 72
47 90
47 95
47 102
47 112
47 114
47 122
47 127
47 135
47 145
47 149
47 160
47 170
47 171
47 173
47 176
47 179
47 182
47 183
47 186
47 190
47 191
47 193
48 49
48 68
48 71
48 72
48 76
48 88
48 90
48 92
48 93
48 96
48 100
48 103
48 105
48 107
48 109
48 114
48 126
48 127
48 131
48 132
48 135
48 139
48 140
48 143
48 149
48 153
48 159
48 161
48 170
48 171
48 172
48 173
48 176
48 177
48 188
49 52
49 56
49 58
49 70
49 81
49 85
49 86
49 97
49 111
49 113
49 114
49 115
49 119
49 125
49 133
49 135
49 136
49 144
49 145
49 156
49 160
49 161
49 163
49 164
49 165
49 169
49 177
49 178
49 180
49 187
49 191
49 198
49 199
50 52
50 58
50 72
50 74
50 81
50 85
50 96
50 97
50 105
50 110
50 112
50 121
50 125
50 133
50 135
50 136
50 137
50 138
50 139
50 144
50 168
50 169
50 174
50 176
50 177
50 178
50 182
50 186
50 192
50 193
50 199
51 57
51 62
51 66
51 69
51 76
51 77
51 85
51 88
51 95
51 96
51 98
51 99
51 100
51 104
51 109
51 111
51 115
51 116
51 121
51 122
51 123
51 126
51 132
51 135
51 146
51 147
51 151
51 155
51 168
51 169
51 180
51 185
51 187
51 196
51 199
52 61
52 68
52 71
52 72
52 76
52 77
52 81
52 89
52 98
52 99
52 105
52 111
52 120
52 124
52 126
52 127
52 130
52 131
52 135
52 142
52 143
52 156
52 159
52 160
52 176
52 177
52 185
52 186
52 189
52 197
53 58
53 59
53 64
53 73
53 75
53 87
53 94
53 110
53 118
53 127
53 130
53 132
53 139
53 140
53 146
53 148
53 152
53 154
53 169
53 183
53 184
53 189
53 194
53 195
54 56
54 57
54 58
54 63
54 68
54 70
54 87
54 92
54 97
54 100
54 101
54 104
54 111
54 131
54 132
54 133
54 135
54 137
54 146
54 149
54 151
54 152
54 155
54 160
54 176
54 182
54 184
54 187
54 190
54 191
54 196
54 197
55 68
55 77
55 80
55 89
55 94
55 100
55 104
55 110
55 115
55 119
55 125
55 135
55 137
55 140
55 152
55 156
55 159
55 171
55 172
55 178
55 183
55 191
55 199
56 57
56 67
56 70
56 74
56 77
56 92
56 94
56 96
56 98
56 105
56 118
56 119
56 123
56 128
56 130
56 131
56 132
56 136
56 140
56 146
56 147
56 148
56 154
56 158
56 168
56 169
56 172
57 63
57 66
57 71
57 74
57 75
57 83
57 86
57 87
57 91
57 96
57 97
57 100
57 102
57 103
57 105
57 116
57 120
57 122
57 132
57 138
57 144
57 145
57 163
57 167
57 171
57 175
57 195
57 196
57 197
58 63
58 72
58 74
58 75
58 88
58 89
58 90
58 91
58 92
58 96
58 98
58 101
58 102
58 103
58 104
58 107
58 108
58 114
58 117
58 118
58 127
58 129
58 131
58 137
58 143
58 146
58 153
58 158
58 164
58 170
58 173
58 177
58 178
58 184
58 187
58 191
59 60
59 61
59 69
59 74
59 89
59 91
59 96
59 105
59 115
59 118
59 123
59 137
59 139
59 140
59 141
59 144
59 148
59 151
59 153
59 159
59 164
59 169
59 171
59 175
59 179
59 182
59 184
59 190
59 192
59 194
60 64
60 71
60 75
60 86
60 90
60 95
60 102
60 103
60 104
60 105
60 110
60 112
60 114
60 116
60 117
60 119
60 122
60 123
60 126
60 128
60 132
60 138
60 143
60 145
60 148
60 149
60 161
60 164
60 167
60 168
60 176
60 180
60 184
60 186
60 198
61 62
61 63
61 64
61 66
61 68
61 71
61 74
61 97
61 103
61 113
61 114
61 117
61 122
61 128
61 131
61 154
61 157
61 165
61 167
61 170
61 172
61 177
61 179
61 193
62 64
62 67
62 74
62 75
62 77
62 84
62 88
62 105
62 107
62 108
62 117
62 120
62 139
62 142
62 170
62 171
62 172
62 173
62 174
62 177
62 178
62 181
62 184
62 185
62 188
63 64
63 66
63 72
63 77
63 86
63 90
63 93
63 102
63 110
63 113
63 116
63 125
63 133
63 134
63 138
63 139
63 142
63 152
63 154
63 160
63 163
63 170
63 174
63 177
63 189
63 193
63 199
64 66
64 69
64 75
64 76
64 78
64 83
64 88
64 101
64 102
64 117
64 141
64 143
64 150
64 152
64 154
64 156
64 161
64 165
64 167
64 174
64 185
64 188
64 190
64 193
64 195
65 69
65 72
65 75
65 77
65 81
65 89
65 114
65 117
65 122
65 125
65 133
65 137
65 139
65 140
65 141
65 144
65 146
65 157
65 167
65 173
65 176
65 185
65 188
65 198
66 67
66 68
66 70
66 71
66 73
66 77
66 80
66 81
66 85
66 86
66 90
66 91
66 118
66 122
66 124
66 130
66 132
66 136
66 142
66 143
66 145
66 153
66 154
66 157
66 159
66 171
66 172
66 184
66 187
66 195
66 196
67 69
67 72
67 77
67 79
67 80
67 89
67 93
67 94
67 98
67 101
67 104
67 108
67 109
67 113
67 120
67 121
67 133
67 139
67 143
67 156
67 158
67 162
67 168
67 169
67 171
67 172
67 174
67 178
67 179
68 73
68 75
68 82
68 86
68 103
68 104
68 117
68 131
68 133
68 147
68 154
68 160
68 164
68 171
68 183
68 185
68 187
68 191
68 193
68 198
69 82
69 110
69 113
69 114
69 119
69 122
69 124
69 133
69 139
69 142
69 146
69 150
69 154
69 156
69 158
69 159
69 161
69 163
69 171
69 180
69 186
69 187
69 189
69 195
70 73
70 78
70 86
70 90
70 95
70 96
70 100
70 106
70 108
70 110
70 112
70 113
70 116
70 141
70 146
70 148
70 157
70 165
70 166
70 174
70 175
70 177
70 181
70 183
70 188
70 190
70 191
70 192
70 193
70 194
70 195
70 197
70 199
71 72
71 75
71 87
71 93
71 96
71 98
71 101
71 103
71 104
71 107
71 108
71 113
71 118
71 125
71 126
71 129
71 133
71 136
71 139
71 141
71 144
71 152
71 158
71 161
71 162
71 167
71 168
71 172
71 174
71 175
71 176
71 186
71 199
72 78
72 79
72 96
72 101
72 104
72 105
72 109
72 110
72 113
72 123
72 127
72 143
72 147
72 164
72 165
72 169
72 174
72 180
72 184
72 188
72 190
72 196
73 77
73 85
73 95
73 98
73 105
73 106
73 107
73 116
73 119
73 123
73 131
73 139
73 147
73 151
73 169
73 171
73 172
73 176
73 188
74 75
74 82
74 83
74 89
74 92
74 95
74 99
74 102
74 113
74 114
74 120
74 126
74 130
74 142
74 143
74 150
74 163
74 164
74 171
74 181
74 184
74 188
74 196
74 197
74 199
75 83
75 87
75 89
75 93
75 98
75 104
75 108
75 116
75 121
75 126
75 132
75 134
75 136
75 150
75 159
75 160
75 162
75 164
75 165
75 166
75 180
75 181
75 182
75 189
75 190
75 191
76 83
76 90
76 95
76 114
76 118
76 119
76 130
76 134
76 144
76 149
76 157
76 158
76 161
76 162
76 169
76 171
76 181
76 193
77 87
77 92
77 94
77 104
77 114
77 117
77 122
77 123
77 126
77 131
77 149
77 150
77 151
77 153
77 154
77 160
77 165
77 168
77 180
77 185
77 198
78 81
78 85
78 86
78 94
78 103
78 109
78 122
78 130
78 145
78 147
78 148
78 149
78 155
78 165
78 169
78 172
78 175
78 177
78 178
78 183
78 186
78 189
78 195
78 196
78 198
79 82
79 98
79 100
79 108
79 114
79 131
79 134
79 136
79 141
79 150
79 154
79 157
79 172
79 174
79 182
79 184
79 187
79 191
79 198
80 82
80 91
80 93
80 102
80 105
80 106
80 107
80 113
80 114
80 115
80 118
80 122
80 128
80 129
80 134
80 141
80 143
80 144
80 149
80 150
80 151
80 167
80 170
80 172
80 178
80 182
80 183
80 193
81 84
81 90
81 92
81 102
81 107
81 112
81 113
81 114
81 136
81 141
81 149
81 155
81 157
81 164
81 165
81 166
81 167
81 168
81 176
81 179
81 187
82 84
82 94
82 97
82 101
82 102
82 103
82 108
82 110
82 111
82 119
82 122
82 132
82 142
82 155
82 160
82 163
82 176
82 190
82 193
82 198
83 99
83 107
83 115
83 118
83 119
83 121
83 128
83 132
83 136
83 139
83 154
83 158
83 162
83 165
83 166
83 167
83 168
83 174
83 183
83 188
83 192
83 195
83 196
83 199
84 99
84 101
84 102
84 107
84 111
84 121
84 123
84 125
84 127
84 128
84 131
84 132
84 134
84 148
84 149
84 150
84 152
84 154
84 167
84 186
84 187
84 188
84 189
84 193
84 195
84 196
85 88
85 95
85 101
85 108
85 114
85 118
85 120
85 121
85 122
85 123
85 126
85 130
85 137
85 138
85 150
85 160
85 161
85 165
85 168
85 170
85 174
85 188
85 192
85 194
85 197
86 88
86 91
86 92
86 96
86 103
86 109
86 118
86 125
86 127
86 141
86 144
86 149
86 152
86 155
86 158
86 160
86 180
86 189
86 191
86 194
86 198
87 97
87 101
87 104
87 110
87 117
87 118
87 119
87 124
87 129
87 134
87 135
87 139
87 151
87 162
87 164
87 167
87 168
87 171
87 173
87 176
87 179
87 188
87 193
87 196
87 197
87 199
88 90
88 92
88 97
88 103
88 106
88 109
88 112
88 114
88 118
88 128
88 134
88 138
88 143
88 147
88 151
88 155
88 156
88 158
88 167
88 176
88 183
88 187
89 95
89 101
89 106
89 112
89 115
89 120
89 122
89 126
89 128
89 131
89 138
89 145
89 151
89 155
89 157
89 166
89 168
89 175
89 184
89 185
89 191
89 194
89 196
89 197
89 198
90 96
90 97
90 104
90 107
90 108
90 115
90 129
90 130
90 131
90 136
90 140
90 145
90 147
90 150
90 154
90 155
90 158
90 160
90 168
90 171
90 175
90 178
90 188
90 190
90 192
90 194
90 199
91 95
91 99
91 104
91 106
91 109
91 115
91 116
91 119
91 127
91 130
91 140
91 148
91 163
91 166
91 167
91 180
91 181
91 185
91 197
92 95
92 100
92 103
92 108
92 110
92 111
92 113
92 116
92 124
92 126
92 127
92 132
92 148
92 153
92 160
92 164
92 168
92 173
92 179
92 184
92 198
92 199
93 94
93 95
93 106
93 117
93 120
93 121
93 122
93 131
93 136
93 138
93 140
93 152
93 154
93 165
93 166
93 170
93 175
93 176
93 184
93 191
94 99
94 101
94 106
94 110
94 116
94 123
94 124
94 126
94 130
94 131
94 136
94 137
94 141
94 142
94 154
94 160
94 164
94 166
94 176
94 185
94 190
94 194
94 199
95 100
95 101
95 103
95 114
95 118
95 119
95 121
95 134
95 137
95 143
95 146
95 148
95 151
95 152
95 162
95 167
95 183
95 185
95 190
96 108
96 119
96 120
96 123
96 134
96 135
96 139
96 141
96 143
96 149
96 151
96 153
96 157
96 158
96 159
96 175
96 177
96 190
96 195
97 99
97 100
97 102
97 108
97 113
97 119
97 123
97 130
97 133
97 146
97 148
97 149
97 155
97 156
97 158
97 164
97 165
97 171
97 173
97 175
97 179
97 181
97 189
97 192
97 197
97 199
98 106
98 108
98 111
98 115
98 120
98 123
98 125
98 135
98 137
98 138
98 143
98 147
98 153
98 155
98 156
98 167
98 168
98 174
98 175
98 176
98 180
98 183
98 186
99 100
99 111
99 131
99 132
99 134
99 135
99 137
99 141
99 147
99 151
99 158
99 165
99 175
99 178
99 186
99 196
100 103
100 112
100 124
100 134
100 136
100 138
100 146
100 148
100 151
100 152
100 153
100 158
100 163
100 164
100 171
100 172
100 177
100 181
100 183
100 195
100 196
100 198
101 115
101 116
101 127
101 129
101 140
101 143
101 145
101 146
101 152
101 156
101 162
101 165
101 171
101 176
101 182
101 185
101 193
101 197
102 103
102 106
102 126
102 131
102 132
102 145
102 154
102 156
102 178
103 104
103 111
103 117
103 118
103 119
103 120
103 123
103 129
103 131
103 134
103 147
103 161
103 164
103 165
103 169
103 176
103 178
103 184
103 187
103 198
104 107
104 121
104 122
104 130
104 138
104 140
104 142
104 149
104 153
104 156
104 161
104 164
104 166
104 169
104 179
104 183
104 185
104 186
104 194
104 195
104 199
105 118
105 122
105 123
105 129
105 139
105 143
105 144
105 150
105 151
105 153
105 158
105 162
105 165
105 167
105 171
105 175
105 178
105 184
105 186
105 194
105 196
106 111
106 112
106 113
106 117
106 118
106 121
106 137
106 138
106 143
106 148
106 149
106 152
106 157
106 159
106 160
106 163
106 169
106 175
106 177
106 179
106 182
106 189
107 109
107 121
107 126
107 127
107 129
107 132
107 133
107 135
107 139
107 140
107 143
107 144
107 147
107 150
107 154
107 156
107 164
107 185
107 186
107 190
107 192
107 196
108 117
108 126
108 133
108 139
108 145
108 161
108 165
108 166
108 167
108 169
108 173
108 180
108 185
108 188
108 197
108 199
109 128
109 137
109 139
109 142
109 148
109 153
109 157
109 160
109 161
109 162
109 175
109 182
109 185
109 194
110 119
110 125
110 131
110 134
110 145
110 149
110 151
110 155
110 162
110 163
110 169
110 186
110 187
111 112
111 116
111 123
111 124
111 126
111 129
111 130
111 131
111 135
111 144
111 147
111 149
111 155
111 157
111 164
111 174
111 189
111 192
111 193
111 194
111 195
111 198
112 118
112 120
112 140
112 152
112 154
112 163
112 178
112 180
112 185
112 195
113 114
113 118
113 120
113 139
113 140
113 141
113 147
113 155
113 168
113 169
113 171
113 173
113 178
113 187
113 189
113 192
113 193
113 194
113 195
113 199
114 120
114 121
114 125
114 130
114 134
114 139
114 142
114 152
114 154
114 158
114 161
114 164
114 166
114 177
114 181
114 182
114 197
115 119
115 121
115 122
115 125
115 128
115 135
115 140
115 147
115 151
115 154
115 160
115 161
115 167
115 169
115 170
115 172
115 177
115 190
115 191
115 193
116 119
116 132
116 133
116 135
116 138
116 139
116 144
116 145
116 160
116 161
116 163
116 177
116 179
116 189
116 199
117 119
117 123
117 125
117 126
117 130
117 132
117 146
117 153
117 165
117 173
117 181
117 182
117 184
117 185
117 187
118 120
118 122
118 124
118 131
118 154
118 171
118 172
118 173
118 174
118 176
118 182
118 184
118 185
118 195
118 198
119 122
119 124
119 129
119 133
119 145
119 153
119 155
119 166
119 170
119 173
119 185
119 189
119 192
120 124
120 128
120 130
120 136
120 140
120 142
120 146
120 149
120 152
120 153
120 155
120 162
120 168
120 170
120 193
120 198
121 131
121 133
121 141
121 144
121 153
121 162
121 164
121 180
121 182
121 183
121 191
121 196
121 197
121 199
122 133
122 135
122 139
122 142
122 157
122 158
122 176
122 179
122 182
122 186
122 194
122 196
122 197
122 198
123 129
123 130
123 134
123 148
123 157
123 182
123 194
124 125
124 131
124 132
124 134
124 135
124 137
124 142
124 151
124 152
124 156
124 168
124 174
124 182
124 185
124 189
124 192
124 198
125 130
125 131
125 134
125 138
125 144
125 148
125 149
125 151
125 154
125 172
125 177
125 181
125 188
125 194
126 133
126 135
126 136
126 143
126 146
126 151
126 153
126 159
126 173
126 175
126 177
126 178
126 195
126 197
126 199
127 135
127 142
127 148
127 155
127 159
127 167
127 168
127 169
127 173
127 180
127 181
127 183
127 188
127 189
127 190
127 191
127 197
128 142
128 144
128 145
128 151
128 152
128 156
128 164
128 178
128 196
129 132
129 135
129 136
129 140
129 144
129 156
129 164
129 174
129 176
130 132
130 135
130 140
130 141
130 143
130 144
130 156
130 163
130 164
130 166
130 170
130 171
130 173
130 177
130 180
130 185
130 194
130 199
131 145
131 152
131 160
131 161
131 182
131 184
131 188
131 190
131 193
131 198
131 199
132 136
132 148
132 149
132 151
132 160
132 161
132 162
132 166
132 172
132 174
132 182
132 191
132 193
132 195
133 139
133 140
133 142
133 144
133 153
133 160
133 164
133 165
133 169
133 172
133 192
133 193
134 145
134 148
134 151
134 155
134 156
134 158
134 159
134 163
134 168
134 177
134 183
134 186
134 190
134 192
134 199
135 151
135 160
135 161
135 163
135 166
135 170
135 176
135 179
135 183
135 189
135 192
135 193
136 144
136 149
136 150
136 154
136 158
136 159
136 160
136 174
136 176
136 178
136 182
136 193
136 195
136 198
137 139
137 143
137 147
137 156
137 157
137 161
137 162
137 179
137 186
137 190
137 192
137 193
138 139
138 140
138 153
138 154
138 157
138 162
138 165
138 168
138 184
138 192
138 195
138 198
139 142
139 152
139 155
139 156
139 161
139 162
139 163
139 171
139 175
139 179
139 183
139 187
139 190
139 196
140 148
140 156
140 157
140 161
140 162
140 165
140 171
140 181
140 183
140 189
140 191
140 193
140 198
140 199
141 144
141 146
141 149
141 152
141 163
141 167
141 170
141 175
141 192
141 193
141 196
141 197
142 145
142 149
142 152
142 158
142 161
142 163
142 168
142 176
142 188
142 196
143 148
143 151
143 157
143 161
143 164
143 166
143 168
143 170
143 173
143 179
143 193
143 195
144 146
144 147
144 150
144 154
144 161
144 171
144 173
144 182
144 183
144 187
144 191
144 194
144 195
144 197
144 198
144 199
145 157
145 173
145 175
145 183
145 192
146 156
146 158
146 160
146 161
146 163
146 166
146 167
146 176
146 179
146 182
146 183
146 185
146 186
146 193
147 152
147 155
147 160
147 164
147 168
147 171
147 180
147 194
147 197
148 152
148 153
148 154
148 157
148 158
148 161
148 164
148 171
148 186
148 187
148 192
148 194
149 153
149 154
149 155
149 158
149 163
149 167
149 181
149 196
150 151
150 152
150 159
150 160
150 163
150 167
150 171
150 175
150 185
150 188
150 193
150 194
150 199
151 152
151 154
151 155
151 162
151 169
151 173
151 178
151 188
151 191
151 193
152 155
152 159
152 162
152 165
152 171
152 172
152 174
152 178
152 181
152 196
152 197
152 199
153 169
153 173
153 177
153 179
153 183
153 184
153 185
153 186
153 190
153 191
153 197
153 198
153 199
154 165
154 170
154 171
154 172
154 175
154 180
154 184
154 190
155 161
155 165
155 166
155 167
155 168
155 180
155 182
155 184
155 187
155 188
155 192
155 197
155 198
156 165
156 171
156 173
156 184
157 163
157 168
157 171
157 175
157 177
157 180
157 183
157 185
157 192
157 196
158 172
158 175
158 179
158 182
158 184
158 185
158 194
158 198
158 199
159 160
159 161
159 166
159 167
159 180
159 181
159 190
159 195
159 199
160 172
160 175
160 181
160 186
160 195
161 170
161 174
161 180
161 183
161 190
161 191
162 175
162 190
162 193
162 194
163 169
163 175
163 179
163 187
163 189
163 197
164 168
164 174
164 179
164 182
164 188
164 190
164 194
165 171
165 180
165 190
165 191
165 193
165 198
166 167
166 182
166 184
166 190
166 194
166 199
167 169
167 176
167 178
167 188
167 194
167 196
168 169
168 178
168 181
168 198
169 173
169 184
169 186
169 187
169 189
169 193
169 195
169 197
170 175
170 186
170 193
171 175
171 185
171 195
172 173
172 175
172 177
172 178
172 182
172 183
172 184
172 190
172 194
172 199
173 174
173 177
173 182
173 185
173 190
173 191
173 196
174 181
174 187
174 192
175 177
175 182
175 190
175 194
176 184
176 194
177 178
177 182
177 184
177 189
177 191
177 196
178 183
178 190
178 195
178 197
179 183
180 186
181 191
181 193
182 187
182 192
184 185
184 187
184 192
184 199
185 187
185 189
185 191
185 196
185 198
186 191
186 196
187 189
187 192
187 198
188 195
190 192
191 197
191 199
192 195
192 199
195 197
195 198
196 199
