# family=hard seed=2
200 13133
13 88
44 155
16 93
76 107
95 157
34 147
37 152
56 165
97 166
9 90
50 91
69 104
129 155
148 168
41 42
27 107
113 147
132 160
25 34
151 173
44 47
71 150
90 163
2 50
7 165
48 166
39 117
4 96
23 109
83 160
143 174
36 48
55 61
41 163
96 99
60 176
25 155
44 168
16 106
57 107
2 171
76 120
117 158
136 171
29 45
15 110
34 160
48 58
120 163
18 115
37 165
50 104
36 169
110 118
55 182
8 107
27 120
113 160
154 161
173 174
25 47
11 112
30 125
71 163
90 176
131 177
43 64
29 166
84 102
48 179
122 128
1 67
87 107
64 123
105 161
17 48
143 187
36 61
25 168
66 169
99 117
2 184
43 185
101 126
1 188
161 177
18 128
59 166
78 179
119 180
31 67
91 118
36 182
110 131
8 120
94 123
154 174
173 187
11 125
52 126
112 177
24 64
43 77
29 179
1 80
87 120
73 185
31 188
64 136
17 61
58 62
22 139
108 179
149 180
168 193
61 67
66 182
126 196
38 120
79 121
98 134
43 198
10 21
101 139
161 190
54 64
40 129
73 77
100 180
12 67
31 80
17 182
58 183
91 131
77 196
33 126
52 139
93 140
112 190
179 180
115 195
156 196
68 83
54 185
128 134
73 198
114 199
26 86
67 124
86 137
3 139
89 142
130 180
42 67
61 80
47 145
88 183
107 196
121 131
0 70
24 198
82 139
183 191
21 129
100 193
141 194
12 80
53 81
58 196
56 86
42 188
9 11
176 188
33 139
74 140
93 153
5 40
65 91
51 156
137 196
49 83
109 134
54 198
7 86
67 137
86 150
89 155
171 194
9 132
47 158
88 196
0 83
19 96
60 97
5 161
13 22
104 140
16 27
35 40
21 142
62 143
81 156
34 81
53 94
39 159
72 107
37 86
56 99
9 24
28 37
14 102
74 153
32 156
118 159
30 46
16 148
90 97
35 161
48 100
92 143
4 30
23 43
83 94
28 158
41 97
60 110
5 174
146 150
13 35
25 89
44 102
164 167
2 105
62 156
122 170
34 94
20 159
78 100
23 164
97 113
138 151
157 164
14 115
96 154
160 169
8 41
27 54
13 156
99 159
118 172
11 46
30 59
71 97
90 110
76 175
134 153
92 156
152 170
23 56
50 159
69 172
110 173
22 60
8 162
27 175
11 167
30 180
145 167
164 180
43 119
84 157
103 170
122 183
87 162
20 172
106 175
18 62
4 164
59 100
23 177
78 113
97 126
138 164
17 103
50 51
36 116
55 129
96 167
8 54
140 173
11 59
115 116
1 14
73 119
133 170
152 183
45 57
64 70
50 172
91 173
105 108
3 60
108 113
8 175
94 178
11 180
85 129
167 168
38 54
24 119
43 132
15 70
1 135
87 175
147 189
18 75
59 113
100 114
119 127
17 116
36 129
77 130
22 194
163 170
182 183
80 135
121 173
140 186
33 60
52 73
38 175
79 176
112 124
98 189
15 191
101 194
18 196
12 122
45 70
31 135
177 189
94 191
66 129
52 194
0 4
126 143
167 181
186 194
24 132
65 133
10 197
170 186
189 199
68 138
1 148
109 176
128 189
21 63
100 127
45 191
86 192
119 140
77 143
163 183
121 186
162 187
33 73
19 138
10 89
51 90
63 181
82 194
54 132
155 184
7 20
26 33
67 71
31 148
72 149
158 189
70 76
116 192
28 79
47 92
88 130
107 143
46 133
63 73
49 138
68 151
109 189
21 76
7 141
40 89
81 90
39 93
70 197
125 133
144 146
14 36
19 151
60 152
93 100
146 192
13 77
63 194
51 103
104 195
16 82
35 95
21 197
95 146
114 159
155 197
7 33
26 46
53 149
72 162
37 141
70 89
28 92
69 93
88 143
148 157
5 108
46 146
151 162
49 151
90 152
2 39
7 154
39 106
125 146
23 98
102 162
143 163
14 49
0 151
41 152
60 165
32 103
44 157
2 160
35 108
117 147
136 160
29 34
34 149
120 152
6 50
37 154
56 167
9 92
50 93
14 170
129 157
27 109
113 149
25 36
44 49
30 114
71 152
29 155
62 103
48 168
103 104
20 106
106 109
6 171
4 98
64 112
83 162
124 163
143 176
36 50
96 101
25 157
99 106
44 170
85 171
38 96
57 109
2 173
76 122
117 160
136 173
29 47
15 112
120 165
18 117
78 168
97 181
50 106
91 107
36 171
110 120
8 109
94 112
113 162
154 163
173 176
71 165
112 166
24 53
43 66
84 104
103 117
1 69
87 109
106 122
6 184
166 173
4 111
45 112
64 125
17 50
36 63
108 168
127 181
25 170
85 184
38 109
57 122
98 123
15 125
101 128
1 190
142 166
161 179
18 130
119 182
31 69
36 184
110 133
94 125
80 190
112 179
131 192
10 131
43 79
84 117
115 184
1 82
54 174
45 125
86 126
105 176
58 64
89 131
22 141
108 181
149 182
61 69
80 82
66 184
79 123
24 187
98 136
10 23
82 128
101 141
161 192
40 131
100 182
119 195
12 69
31 82
17 184
75 125
61 190
135 139
33 128
19 193
93 142
179 182
46 67
65 80
10 144
156 198
68 85
128 136
26 88
12 190
86 139
191 192
89 144
42 69
47 147
88 185
0 72
19 85
5 150
79 136
63 128
49 193
82 141
183 193
40 144
141 196
53 83
58 198
42 190
9 13
135 152
14 91
0 193
74 142
179 195
5 42
46 80
51 158
137 198
49 85
35 150
68 98
109 136
21 23
7 88
26 101
67 139
20 27
39 40
70 144
111 145
130 195
171 196
23 32
9 134
28 147
60 99
5 163
32 37
44 91
123 155
35 42
21 144
81 158
53 96
39 161
37 88
97 102
14 104
27 43
13 145
30 48
16 150
71 86
35 163
7 101
48 102
134 142
153 155
20 40
6 105
39 53
4 32
23 45
50 148
83 96
69 161
41 99
27 164
44 104
145 156
164 169
16 42
2 107
62 158
103 159
15 46
34 96
20 161
39 174
18 51
4 153
37 101
23 166
78 102
97 115
138 153
36 105
55 118
96 156
8 43
27 56
13 158
99 161
71 99
57 164
29 102
48 115
134 155
1 3
6 118
92 158
152 172
50 161
69 174
22 62
8 164
27 177
30 182
2 120
43 121
103 172
1 124
106 177
18 64
4 166
59 102
23 179
64 180
78 115
17 105
36 118
55 131
96 169
140 175
52 62
38 164
112 113
57 177
76 190
10 65
29 115
115 118
15 180
1 16
18 185
152 185
31 124
64 72
91 175
105 110
3 62
108 115
8 177
85 131
38 56
24 121
84 172
1 137
87 177
147 191
100 116
45 180
119 129
64 193
58 119
163 172
182 185
61 124
80 137
121 175
181 189
33 62
38 177
79 178
98 191
54 121
18 198
114 135
12 124
31 137
91 188
177 191
47 81
88 119
0 6
126 145
167 183
24 134
170 188
128 191
21 65
26 143
58 132
3 196
77 145
89 199
42 124
61 137
80 150
33 75
19 140
165 194
32 79
63 183
82 196
35 84
21 186
54 134
40 199
95 135
114 148
7 22
155 186
26 35
67 73
53 138
174 199
72 151
56 143
116 194
9 68
28 81
88 132
33 196
0 19
46 135
65 148
63 75
49 140
150 192
21 78
26 156
67 194
141 143
125 135
70 199
144 148
42 137
83 138
14 38
0 140
19 153
60 154
146 194
32 92
63 196
51 105
104 197
137 145
21 199
95 148
136 149
53 151
139 154
180 192
37 143
56 156
9 81
28 94
69 95
129 146
148 159
113 138
46 148
132 151
151 164
49 153
48 157
81 105
20 95
125 148
4 87
23 100
14 51
41 154
60 167
25 146
44 159
16 97
57 98
76 111
117 149
136 162
34 151
120 154
139 167
37 156
97 170
14 172
55 173
27 111
113 151
132 164
25 38
11 103
44 51
30 116
71 154
2 54
43 55
84 93
103 106
48 170
106 111
64 114
105 152
124 165
17 39
143 178
55 65
41 167
96 103
25 159
99 108
85 173
38 98
57 111
2 175
43 176
76 124
29 49
15 114
120 167
161 168
6 65
18 119
78 170
97 183
17 160
50 108
8 111
94 114
11 116
112 168
43 68
84 106
103 119
1 71
87 111
106 124
124 178
17 52
22 130
108 170
127 183
168 184
66 173
85 186
98 125
43 189
10 12
142 168
1 192
54 55
100 171
119 184
12 58
31 71
17 173
77 187
3 9
75 114
154 178
112 181
24 68
65 69
10 133
115 186
68 74
54 176
73 189
86 128
31 192
58 66
3 130
77 79
22 143
89 133
130 171
42 58
149 184
61 71
66 186
107 187
10 25
68 195
101 143
21 120
54 68
40 133
100 184
119 197
12 71
31 84
72 85
75 127
61 192
33 130
74 131
19 195
93 144
179 184
5 31
46 69
65 82
10 146
51 147
68 87
54 189
128 138
7 77
26 90
67 128
86 141
70 133
130 184
190 198
42 71
28 136
61 84
47 149
88 187
0 74
19 87
60 88
63 130
49 195
16 18
183 195
7 198
40 146
81 147
141 198
34 72
72 98
116 141
9 15
14 93
0 195
74 144
93 157
5 44
46 82
51 160
49 87
34 193
20 29
111 147
171 198
23 34
9 136
83 85
28 149
47 162
0 87
41 88
60 101
5 165
32 39
123 157
35 44
62 147
81 160
34 85
20 150
53 98
39 163
37 90
23 155
56 103
97 104
138 142
55 107
27 45
13 147
32 160
118 163
11 37
30 50
71 88
150 152
29 91
134 144
20 42
6 107
92 147
4 34
9 149
83 98
69 163
41 101
27 166
44 106
85 107
30 171
164 171
62 160
103 161
15 48
20 163
106 166
39 176
4 155
138 155
55 120
8 45
27 58
118 176
11 50
30 63
16 165
71 101
76 179
29 104
15 169
48 117
1 5
6 120
18 174
92 160
152 174
4 47
45 48
69 176
110 177
3 51
22 64
8 166
27 179
66 107
11 171
85 120
30 184
145 171
38 45
24 110
43 123
84 161
103 174
15 61
1 126
87 166
59 104
4 168
45 169
80 126
140 177
52 64
38 166
112 115
57 179
10 67
115 120
15 182
101 185
18 187
174 175
45 61
91 177
110 190
3 64
22 77
108 117
94 182
66 120
107 121
52 185
167 172
24 123
10 188
43 136
84 174
170 177
189 190
1 139
128 180
147 193
40 67
100 118
64 195
17 120
58 121
3 185
77 134
22 198
163 174
61 126
140 190
181 191
19 129
52 77
79 180
98 193
101 198
54 123
40 188
155 175
174 188
12 126
31 139
72 140
158 180
75 182
94 195
28 70
47 83
33 185
88 121
52 198
0 8
93 199
19 21
107 134
5 86
46 124
65 137
126 147
167 185
63 64
49 129
68 142
109 180
128 193
40 80
26 145
67 183
86 196
100 131
58 134
42 126
14 27
0 129
19 142
32 81
51 94
82 198
123 199
35 86
21 188
114 150
7 24
26 37
67 75
53 140
72 153
158 193
70 80
56 145
9 70
28 83
14 148
47 96
74 199
88 134
0 21
129 135
5 99
46 137
65 150
132 140
49 142
68 155
62 81
7 145
81 94
26 158
141 145
153 199
20 84
39 97
125 137
144 150
9 191
42 139
83 140
0 142
41 143
74 91
60 156
146 196
32 94
63 198
95 150
136 151
7 37
34 140
53 153
180 194
6 41
37 145
56 158
97 159
9 83
69 97
14 161
129 148
148 161
113 140
25 27
151 166
30 105
7 158
6 162
125 150
23 102
83 153
124 154
143 167
36 41
41 156
25 148
44 161
16 99
57 100
2 164
76 113
29 38
48 51
34 153
6 54
92 94
36 162
69 110
110 111
8 100
113 153
25 40
71 156
90 169
131 170
2 56
43 57
29 159
84 95
48 172
1 60
6 175
4 102
64 116
105 154
124 167
143 180
36 54
22 119
127 172
66 162
99 110
85 175
38 100
57 113
2 177
43 178
117 164
15 116
59 159
31 60
17 162
91 111
36 175
154 167
173 180
11 118
52 119
131 183
24 57
43 70
29 172
84 108
115 175
1 73
87 113
73 178
64 129
105 167
3 119
22 132
149 173
38 113
79 114
98 127
43 191
101 132
54 57
59 172
12 60
31 73
17 175
58 176
91 124
77 189
61 181
94 129
80 194
33 119
52 132
112 183
65 71
10 135
115 188
68 76
26 79
12 181
67 117
31 194
3 132
77 81
89 135
149 186
42 60
61 73
47 138
88 176
107 189
121 124
0 63
19 76
79 127
24 191
65 192
63 119
82 132
21 122
54 70
40 135
100 186
141 187
12 73
58 189
144 192
56 79
116 130
61 194
33 132
74 133
19 197
93 146
198 199
5 33
46 71
10 148
49 76
68 89
109 127
7 79
26 92
12 194
67 130
86 143
70 135
89 148
130 186
171 187
28 138
0 76
19 89
60 90
5 154
46 192
63 132
49 197
16 20
183 197
40 148
81 149
53 87
39 152
72 100
125 192
37 79
56 92
42 194
83 195
116 143
28 30
0 197
74 146
27 34
13 136
46 84
51 162
30 39
16 141
35 154
48 93
34 195
92 136
111 149
4 23
23 36
9 138
28 151
69 152
41 90
60 103
5 167
113 195
25 82
44 95
104 146
2 98
62 149
81 162
122 163
20 152
39 165
97 106
138 144
14 108
55 109
96 147
8 34
13 149
99 152
32 162
30 52
16 154
71 90
35 167
48 106
134 146
6 109
92 149
111 162
50 152
8 155
27 168
25 95
11 160
85 109
30 173
145 160
164 173
2 111
43 112
103 163
15 50
20 165
59 93
4 157
64 171
97 119
138 157
17 96
55 122
118 178
52 53
38 155
71 103
76 181
29 106
15 171
1 7
73 112
6 122
18 176
133 163
91 166
3 53
8 168
94 171
27 181
66 109
85 122
30 186
38 47
24 112
43 125
103 176
15 63
1 128
106 181
147 182
18 68
4 170
45 171
119 120
64 184
17 109
36 122
77 123
22 187
80 128
140 179
33 53
112 117
57 181
98 182
115 122
101 187
54 112
73 125
18 189
133 176
174 177
12 115
91 179
110 192
3 66
75 171
94 184
33 174
66 122
52 187
107 123
126 136
167 174
24 125
65 126
170 179
189 192
68 131
1 141
87 181
128 182
21 56
86 185
119 133
58 123
3 187
89 190
42 115
80 141
33 66
19 131
98 195
63 174
95 126
40 190
114 139
155 177
7 13
31 141
158 182
116 185
135 198
28 72
47 85
33 187
88 123
107 136
0 10
19 23
46 126
68 144
109 182
21 69
40 82
81 83
67 185
125 126
70 190
42 128
28 193
102 142
162 193
14 29
0 131
74 80
60 145
79 195
146 185
13 70
63 187
35 88
21 190
95 139
114 152
155 190
7 26
26 39
34 129
53 142
72 155
158 195
70 82
88 136
129 137
148 150
5 101
46 139
151 155
192 193
49 144
90 145
150 196
2 32
62 83
26 160
67 198
20 86
144 152
23 91
83 142
143 156
14 42
0 144
41 145
60 158
13 83
32 96
2 153
76 102
136 153
34 142
120 145
53 155
37 147
97 161
138 199
9 85
69 99
27 102
113 142
132 155
30 107
71 145
90 158
2 45
62 96
39 112
4 91
23 104
83 155
124 156
36 43
55 56
41 158
127 161
25 150
38 89
57 102
2 166
117 153
29 40
15 105
48 53
139 171
6 56
18 110
92 96
97 174
91 100
36 164
110 113
55 177
113 155
25 42
11 107
30 120
71 158
112 159
131 172
24 46
43 59
103 110
1 62
87 102
106 115
6 177
45 105
64 118
105 156
17 43
36 56
108 161
127 174
168 175
25 163
66 164
85 177
38 102
24 167
98 116
15 118
101 121
18 123
59 161
78 174
119 175
31 62
17 164
91 113
36 177
77 178
75 105
94 118
11 120
10 124
43 72
84 110
115 177
73 180
45 118
31 183
64 131
105 169
22 134
168 188
61 62
107 178
19 65
79 116
24 180
98 129
10 16
101 134
1 196
142 172
161 185
54 59
100 175
119 188
31 75
72 76
116 119
61 183
80 196
33 121
52 134
93 135
5 22
65 73
10 137
137 178
49 65
109 116
54 180
128 129
114 194
26 81
12 183
86 132
31 196
58 70
70 124
89 137
130 175
47 140
88 178
0 65
19 78
46 181
79 129
65 194
63 121
82 134
68 199
183 186
40 137
100 188
72 89
58 191
56 81
42 183
116 132
102 197
135 145
14 84
74 135
19 199
93 148
179 188
51 151
137 191
68 91
95 194
7 81
26 94
12 196
53 197
67 132
70 137
89 150
130 188
171 189
23 25
9 127
47 153
41 79
60 92
5 156
46 194
13 17
44 84
49 199
123 148
16 22
183 199
81 151
34 76
39 154
125 194
37 81
56 94
42 196
9 19
14 97
0 199
74 148
27 36
13 138
32 151
118 154
51 164
30 41
35 156
7 94
48 95
34 197
134 135
20 33
6 98
92 138
111 151
4 25
23 38
9 140
69 154
41 92
27 157
60 105
113 197
13 30
44 97
104 148
145 149
16 35
2 100
81 164
122 165
39 167
4 146
78 95
23 159
138 146
157 159
36 98
96 149
160 164
27 49
99 154
30 54
16 156
57 157
71 92
90 105
29 95
48 108
134 148
6 111
152 165
50 154
69 167
8 157
27 170
66 98
85 111
145 162
164 175
43 114
103 165
122 178
1 117
20 167
87 157
18 57
78 108
23 172
64 173
17 98
22 176
55 124
99 167
140 168
52 55
38 157
29 108
15 173
133 165
45 52
31 117
3 55
8 170
94 173
66 111
11 175
85 124
38 49
24 114
103 178
87 170
106 183
147 184
64 186
17 111
58 112
3 176
22 189
61 117
80 130
121 168
140 181
33 55
52 68
38 170
112 119
98 184
10 71
82 176
15 186
101 189
115 124
18 191
114 128
31 130
75 173
135 187
88 112
107 125
52 189
126 138
167 176
24 127
10 192
68 133
147 197
40 71
100 122
45 186
86 187
77 138
42 117
80 143
33 68
19 133
79 184
165 187
10 84
51 85
63 176
82 189
54 127
40 192
114 141
7 15
174 192
12 130
72 144
158 184
177 197
70 71
56 136
75 186
116 187
28 74
88 125
33 189
74 190
107 138
0 12
5 90
63 68
68 146
109 184
128 197
21 71
7 136
81 85
26 149
67 187
39 88
70 192
125 128
42 130
162 195
0 133
74 82
146 187
32 85
63 189
51 98
104 190
137 138
16 77
21 192
95 141
136 142
34 131
139 147
72 157
37 136
56 149
9 74
28 87
14 152
129 139
113 131
5 103
13 193
132 144
151 157
192 195
49 146
90 147
150 198
2 34
62 85
7 149
81 98
134 190
20 88
125 141
23 93
9 195
83 144
143 158
14 44
60 160
13 85
44 152
16 90
2 155
76 104
117 142
136 155
34 144
139 160
180 198
78 150
97 163
69 101
14 165
55 166
129 152
8 91
27 104
113 144
132 157
25 31
11 96
30 109
71 147
90 160
2 47
43 48
29 150
84 86
48 163
20 101
4 93
124 158
17 32
143 171
36 45
55 58
127 163
25 152
44 165
38 91
2 168
76 117
117 155
29 42
15 107
120 160
6 58
18 112
59 150
97 176
50 101
91 102
36 166
55 179
8 104
27 117
154 158
30 122
71 160
131 174
24 48
43 61
29 163
84 99
103 112
87 104
73 169
4 106
45 107
64 120
124 171
17 45
3 110
36 58
22 123
108 163
127 176
168 177
66 166
126 180
38 104
24 169
57 117
43 182
15 120
101 123
1 185
142 161
161 174
18 125
59 163
100 164
119 177
12 51
31 64
91 115
36 179
94 120
154 171
33 110
52 123
24 61
115 179
156 180
1 77
54 169
73 182
45 120
86 121
31 185
58 59
89 126
22 136
130 164
149 177
42 51
168 190
61 64
126 193
19 67
79 118
24 182
98 131
10 18
63 110
101 136
1 198
142 174
40 126
100 177
119 190
31 77
72 78
58 180
77 193
75 120
116 121
80 198
33 123
19 188
52 136
5 24
46 62
10 139
51 140
137 180
49 67
68 80
109 118
95 183
7 70
26 83
12 185
86 134
31 198
58 72
70 126
89 139
190 191
28 129
47 142
19 80
60 81
46 183
65 196
63 123
82 136
123 137
183 188
21 126
81 140
141 191
34 65
72 91
58 193
125 183
37 70
56 83
116 134
61 198
102 199
14 86
0 188
74 137
93 150
179 190
137 193
178 194
35 145
95 196
26 96
34 186
53 199
67 134
70 139
111 140
171 191
9 129
129 194
5 158
46 196
13 19
44 86
104 137
16 24
2 89
21 139
35 37
62 140
81 153
20 143
53 91
125 196
37 83
23 148
56 96
14 99
55 100
8 25
13 140
32 153
159 194
71 81
16 145
90 94
117 197
48 97
34 199
20 35
6 100
92 140
4 27
9 142
50 143
83 91
69 156
41 94
113 199
44 99
85 100
145 151
2 102
62 153
103 154
122 167
15 41
106 159
59 84
4 148
78 97
23 161
138 148
160 166
8 38
27 51
13 153
99 156
118 169
11 43
71 94
16 158
76 172
48 110
6 113
18 167
92 153
133 154
4 40
50 156
69 169
110 170
22 57
8 159
27 172
11 164
145 164
24 103
43 116
84 154
103 167
15 54
1 119
18 59
4 161
17 100
77 114
22 178
80 119
99 169
57 172
98 173
15 175
1 11
18 180
133 167
152 180
45 54
91 170
110 183
3 57
75 162
108 110
107 114
126 127
24 116
10 181
1 132
147 186
40 60
100 111
45 175
77 127
22 191
61 119
80 132
121 170
181 184
19 122
38 172
98 186
10 73
82 178
101 191
40 181
114 130
155 168
174 181
31 132
158 173
177 186
94 188
135 189
47 76
33 178
52 191
0 1
167 178
65 130
40 73
26 138
67 176
86 189
70 181
3 191
89 194
42 119
61 132
102 133
47 197
121 183
162 184
14 20
0 122
79 186
165 189
32 74
63 178
51 87
82 191
35 79
21 181
95 130
40 194
114 143
155 181
7 17
67 68
158 186
177 199
70 73
56 138
9 63
28 76
47 89
74 192
5 92
65 143
109 186
150 187
81 87
26 151
67 189
125 130
9 184
42 132
28 197
83 133
102 146
162 197
14 33
0 135
41 136
74 84
13 74
32 87
62 195
95 143
34 133
139 149
6 34
37 138
56 151
9 76
28 89
69 90
14 154
129 141
27 93
151 159
192 197
30 98
71 136
62 87
48 152
81 100
134 192
92 195
125 143
4 82
23 95
9 197
83 146
124 147
143 160
41 149
127 152
60 162
13 87
25 141
57 93
76 106
117 144
29 31
34 146
120 149
139 162
37 151
78 152
97 165
50 90
69 103
27 106
113 146
25 33
11 98
71 149
131 163
2 49
43 50
29 152
84 88
6 168
64 109
124 160
17 34
143 173
36 47
55 60
127 165
99 103
85 168
57 106
2 170
76 119
117 157
29 44
120 162
59 152
78 165
17 155
91 104
36 168
110 117
55 181
8 106
94 109
52 112
112 163
131 176
24 50
84 101
29 165
115 168
87 106
73 171
6 181
106 119
45 109
22 125
108 165
168 179
66 168
85 181
126 182
38 106
24 171
43 184
15 122
101 125
1 187
142 163
18 127
59 165
100 166
119 179
12 53
31 66
91 117
77 182
3 4
75 109
94 122
80 187
33 112
10 128
115 181
54 171
26 72
12 174
45 122
3 125
89 128
130 166
149 179
61 66
47 131
0 56
126 195
79 120
98 133
63 112
82 125
68 190
101 138
142 176
40 128
100 179
141 180
12 66
72 80
58 182
144 185
56 72
42 174
75 122
135 136
33 125
93 139
46 64
65 77
10 141
156 195
49 69
54 184
114 198
26 85
12 187
67 123
89 141
171 180
190 193
42 66
28 131
47 144
88 182
148 196
0 69
60 83
104 126
49 190
123 139
183 190
7 193
40 141
141 193
53 80
125 185
144 198
37 72
56 85
42 187
116 136
14 88
0 190
93 152
51 155
137 195
178 196
16 134
49 82
35 147
7 85
48 86
67 136
20 24
37 193
70 141
69 145
129 196
41 83
113 188
5 160
46 198
13 21
25 75
44 88
104 139
123 152
16 26
2 91
34 80
20 145
39 158
125 198
166 199
78 86
23 150
97 99
96 140
8 27
27 40
13 142
32 155
159 196
30 45
16 147
90 96
76 161
117 199
29 86
48 99
134 139
6 102
4 29
23 42
50 145
69 158
8 148
27 161
85 102
164 166
2 104
62 155
103 156
15 43
20 158
18 48
4 150
78 99
64 164
97 112
138 150
17 89
36 102
96 153
8 40
27 53
99 158
118 171
11 45
30 58
38 148
71 96
76 174
15 164
6 115
18 169
92 155
50 158
22 59
94 164
27 174
66 102
85 115
145 166
43 118
84 156
103 169
15 56
87 161
106 174
147 175
18 61
4 163
59 99
64 177
17 102
3 167
36 115
22 180
77 116
121 159
33 46
52 59
38 161
57 174
10 62
15 177
101 180
1 13
73 118
133 169
45 56
31 121
91 172
110 185
3 59
22 72
94 177
33 167
66 115
52 180
107 116
10 183
84 169
170 172
1 134
87 174
128 175
40 62
100 113
45 177
86 178
119 126
58 116
3 180
77 129
22 193
89 183
163 169
42 108
80 134
121 172
140 185
181 186
33 59
19 124
52 72
79 175
63 167
51 76
101 193
95 119
114 132
193 196
31 134
72 135
116 178
135 191
28 65
88 116
33 180
107 129
52 193
93 194
167 180
5 81
65 132
10 196
170 185
68 137
169 189
21 62
40 75
26 140
86 191
172 194
70 183
89 196
28 186
61 134
47 199
162 186
14 22
0 124
181 199
19 137
146 178
79 188
165 191
63 180
82 193
35 81
21 183
40 196
81 197
114 145
155 183
26 32
34 122
53 135
72 148
37 127
70 75
56 140
116 191
14 143
47 91
74 194
129 130
46 132
132 135
32 197
49 137
150 189
2 25
62 76
26 153
67 191
153 194
39 92
70 196
111 197
125 132
144 145
23 84
83 135
28 199
102 148
14 35
41 138
60 151
32 89
104 194
21 196
62 197
117 133
136 146
53 148
139 151
180 189
9 78
50 79
69 92
14 156
129 143
27 95
13 197
113 135
132 148
192 199
90 151
2 38
62 89
48 154
134 194
20 92
39 105
23 97
9 199
83 148
127 154
13 89
25 143
57 95
76 108
117 146
29 33
120 151
6 49
18 103
59 141
78 154
97 167
36 157
69 105
55 170
8 95
27 108
113 148
25 35
11 100
30 113
71 151
112 152
131 165
24 39
43 52
29 154
84 90
115 157
1 55
6 170
45 98
105 149
124 162
17 36
36 49
108 154
127 167
25 156
99 105
38 95
2 172
43 173
98 109
15 111
101 114
142 152
18 116
59 154
78 167
119 168
31 55
17 157
36 170
55 183
8 108
94 111
154 162
11 113
52 114
112 165
131 178
10 117
43 65
84 103
115 170
1 68
73 173
45 111
31 176
64 124
105 162
17 49
3 114
108 167
149 168
168 181
126 184
19 58
38 108
79 109
98 122
43 186
82 114
101 127
161 178
40 117
100 168
12 55
58 171
77 184
75 111
61 176
94 124
80 189
33 114
52 127
93 128
46 53
10 130
137 171
156 184
49 58
54 173
114 187
67 112
12 176
31 189
58 63
3 127
70 117
89 130
130 168
149 181
42 55
61 68
47 133
107 184
126 197
19 71
5 136
79 122
65 187
63 114
82 127
68 192
21 117
40 130
26 195
100 181
12 68
53 69
72 82
144 187
77 197
56 74
116 125
61 189
135 138
33 127
19 192
5 28
46 66
65 79
51 144
137 184
156 197
68 84
109 122
95 187
7 74
67 125
12 189
53 190
86 138
70 130
56 195
171 182
42 68
47 146
88 184
129 185
148 198
0 71
41 72
5 149
46 187
44 77
104 128
49 192
123 141
183 192
62 131
7 195
34 69
39 147
56 87
42 189
83 190
9 12
14 90
0 192
74 141
27 29
13 131
118 147
51 157
159 185
16 136
35 149
48 88
34 190
92 131
37 195
4 18
129 198
41 85
27 150
60 98
44 90
104 141
16 28
2 93
62 144
122 158
34 82
39 160
37 87
78 88
23 152
97 101
138 139
36 91
55 104
96 142
27 42
13 144
25 198
99 147
118 160
11 34
71 85
16 149
57 150
90 98
134 141
92 144
152 158
4 31
23 44
110 161
27 163
25 90
66 91
85 104
145 155
164 168
2 106
43 107
106 163
17 91
36 104
22 169
55 117
96 155
99 160
140 161
38 150
57 163
76 176
29 101
1 2
18 171
50 160
91 161
110 174
94 166
66 104
52 169
38 42
24 107
43 120
84 158
15 58
147 177
18 63
59 101
100 102
64 179
58 105
3 169
77 118
22 182
80 123
140 174
52 61
38 163
98 177
82 169
15 179
101 182
54 107
73 120
18 184
12 110
45 58
31 123
91 174
3 61
75 166
94 179
135 180
88 105
33 169
107 118
167 169
24 120
65 121
170 174
109 164
1 136
128 177
21 51
147 190
40 64
58 118
3 182
77 131
89 185
163 171
47 188
121 174
181 188
33 61
19 126
79 177
98 190
10 77
82 182
21 172
40 185
114 134
155 172
7 8
174 185
12 123
72 137
177 190
116 180
135 193
47 80
88 118
74 183
65 134
10 198
51 199
49 126
109 177
169 191
21 64
7 129
40 77
26 142
67 180
86 193
172 196
70 185
89 198
42 123
83 124
28 188
102 137
74 75
19 139
60 140
165 193
13 65
32 78
63 182
51 91
104 183
123 196
81 199
155 185
7 21
34 124
72 150
158 190
37 129
70 77
116 193
157 194
69 81
129 132
160 199
113 124
13 186
132 137
49 139
150 191
2 27
62 78
134 183
26 155
153 196
20 81
39 94
125 134
111 199
23 86
9 188
102 150
14 37
60 153
146 193
187 194
13 78
32 91
44 145
16 83
2 148
35 96
76 97
136 148
34 137
139 153
56 155
97 156
138 194
9 80
50 81
69 94
14 158
55 159
96 197
129 145
8 84
113 137
132 150
11 89
30 102
90 153
2 40
20 94
6 159
92 199
4 86
23 99
124 151
17 25
143 164
108 143
41 153
25 145
85 159
38 84
57 97
2 161
117 148
120 153
6 51
18 105
59 143
78 156
97 169
50 94
91 95
36 159
55 172
8 97
94 100
71 153
112 154
84 92
29 156
48 169
87 97
106 110
6 172
4 99
45 100
64 113
124 164
36 51
108 156
127 169
66 159
85 172
24 162
57 110
43 175
98 111
15 113
161 167
18 118
119 170
12 44
17 159
91 108
36 172
77 173
75 100
94 113
80 178
154 164
112 167
24 54
84 105
1 70
54 162
87 110
45 113
86 114
130 157
22 129
42 44
168 183
66 172
107 173
19 60
79 111
24 175
98 124
43 188
82 116
142 167
12 57
31 70
58 173
80 191
19 181
52 129
93 130
46 55
65 68
10 132
156 186
49 60
68 73
54 175
114 189
26 76
12 178
67 114
31 191
72 192
70 119
89 132
130 170
149 183
28 122
61 70
47 135
88 173
107 186
0 60
19 73
60 74
5 138
65 189
63 116
49 181
123 130
81 133
141 184
34 58
53 71
58 186
37 63
56 76
42 178
116 127
135 140
176 178
14 79
0 181
19 194
93 143
179 183
5 30
32 133
51 146
137 186
95 189
7 76
26 89
12 191
111 133
56 197
190 197
47 148
88 186
129 187
0 73
41 74
5 151
46 189
44 79
104 130
49 194
123 143
21 132
62 133
141 197
34 71
20 136
125 189
37 76
56 89
42 191
9 14
14 92
41 195
74 143
27 31
13 133
118 149
159 187
30 36
35 151
29 77
48 90
34 192
20 28
6 93
37 197
39 41
4 20
171 197
9 135
50 136
83 84
69 149
41 87
27 152
113 192
25 79
44 92
85 93
30 157
71 195
104 143
16 30
62 146
103 147
122 160
20 149
39 162
4 141
23 154
55 106
96 144
8 31
27 44
13 146
99 149
118 162
11 36
16 151
57 152
76 165
29 90
48 103
134 143
6 106
133 147
152 160
50 149
69 162
110 163
22 50
27 165
25 92
11 157
85 106
30 170
145 157
43 109
103 160
122 173
15 47
1 112
87 152
18 52
4 154
45 155
59 90
64 168
78 103
22 171
96 157
8 44
99 162
38 152
57 165
10 53
101 171
54 96
73 109
18 173
152 173
45 47
31 112
91 163
110 176
3 50
22 63
94 168
11 170
52 171
43 122
84 160
1 125
147 179
40 53
100 104
17 106
58 107
3 171
77 120
61 112
80 125
121 163
52 63
79 166
98 179
10 66
82 171
101 184
54 109
73 122
114 123
155 161
12 112
31 125
158 166
177 179
75 168
135 182
33 171
52 184
93 185
167 171
65 123
10 187
68 128
109 166
128 179
21 53
147 192
40 66
26 131
67 169
58 120
3 184
70 174
42 112
47 190
121 176
181 190
79 179
165 182
63 171
51 80
123 185
40 187
155 174
12 125
53 126
158 179
9 56
135 195
88 120
0 7
93 198
46 123
32 188
65 136
49 128
109 179
150 180
169 193
62 67
7 131
67 182
86 195
172 198
39 83
70 187
9 177
83 126
28 190
162 190
14 26
0 128
13 67
51 93
104 185
123 198
35 85
95 136
136 137
34 126
53 139
139 142
72 152
56 144
116 195
157 196
9 69
28 82
69 83
14 147
129 134
74 198
27 86
13 188
132 139
151 152
16 193
90 142
150 193
2 29
62 80
7 144
20 83
39 96
23 88
9 190
41 142
146 195
13 80
25 134
16 85
2 150
117 137
136 150
34 139
180 193
6 40
37 144
97 158
50 83
69 96
96 199
8 86
27 99
113 139
25 26
11 91
131 156
2 42
29 145
20 96
6 161
105 140
124 153
17 27
22 105
41 155
108 145
127 158
44 160
85 161
38 86
2 163
76 112
29 37
15 102
120 155
18 107
59 145
78 158
31 46
91 97
36 161
8 99
94 102
52 105
112 156
131 169
24 43
84 94
29 158
103 107
115 161
1 59
87 99
73 164
45 102
64 115
105 153
17 40
108 158
168 172
66 161
85 174
38 99
79 100
24 164
43 177
82 105
15 115
101 118
1 180
142 156
161 169
18 120
59 158
100 159
119 172
12 46
31 59
91 110
77 175
94 115
33 105
112 169
24 56
115 174
73 177
45 115
86 116
89 121
130 159
149 172
42 46
47 124
107 175
0 49
19 62
79 113
24 177
65 178
98 126
63 105
68 183
1 193
101 131
40 121
119 185
12 59
53 60
42 167
75 115
61 180
80 193
33 118
74 119
19 183
93 132
5 19
65 70
51 135
137 175
156 188
49 62
109 113
54 177
95 178
114 191
7 65
26 78
12 180
31 193
72 194
42 59
88 175
148 189
0 62
60 76
5 140
46 178
63 118
104 119
49 183
123 132
68 196
21 121
40 134
81 135
34 60
53 73
39 138
58 188
72 86
125 178
37 65
144 191
56 78
42 180
61 193
74 132
19 196
60 197
46 70
32 135
51 148
178 189
16 127
49 75
35 140
95 191
7 78
34 181
53 194
70 134
111 135
56 199
88 188
41 76
60 89
5 153
132 194
25 68
44 81
104 132
49 196
90 197
123 145
16 19
62 135
81 148
20 138
39 151
125 191
37 78
14 94
55 95
41 197
96 133
27 33
13 135
99 138
32 148
11 25
30 38
16 140
71 76
35 153
117 192
29 79
48 92
92 135
37 199
111 148
23 35
50 138
69 151
8 141
41 89
27 154
113 194
11 146
44 94
71 197
145 146
2 97
62 148
15 36
106 154
18 41
4 143
78 92
23 156
64 157
97 105
138 143
36 95
55 108
96 146
8 33
27 46
99 151
11 38
30 51
38 141
57 154
71 89
29 92
15 157
6 108
18 162
92 148
133 149
152 162
50 151
3 39
8 154
94 157
11 159
85 108
30 172
145 159
43 111
87 154
106 167
147 168
59 92
4 156
45 157
17 95
3 160
36 108
22 173
77 109
80 114
140 165
33 39
57 167
98 168
10 55
101 173
1 6
54 98
73 111
18 175
133 162
45 49
91 165
110 178
3 52
22 65
75 157
66 108
52 173
24 111
10 176
43 124
84 162
128 168
147 181
40 55
100 106
45 170
86 171
58 109
77 122
22 186
89 176
80 127
121 165
140 178
33 52
19 117
79 168
98 181
63 160
51 69
82 173
101 186
54 111
40 176
114 125
155 163
174 176
72 128
177 181
135 184
28 58
88 109
33 173
107 122
52 186
93 187
167 173
46 112
65 125
170 178
49 117
68 130
109 168
128 181
21 55
40 68
26 133
86 184
172 187
58 122
70 176
42 114
102 128
47 192
14 15
0 117
181 192
19 130
146 171
5 195
32 69
63 173
51 82
123 187
35 74
21 176
95 125
114 138
7 12
12 127
72 141
158 181
56 133
116 184
9 58
135 197
14 136
88 122
74 187
0 9
46 125
32 190
49 130
35 195
68 143
150 182
21 68
7 133
81 82
26 146
20 72
39 85
111 190
23 77
83 128
102 141
0 130
41 131
74 79
60 144
165 197
13 69
44 136
104 187
16 74
35 87
21 189
62 190
76 88
117 126
136 139
53 141
139 144
180 182
6 29
97 147
138 185
157 198
9 71
50 72
14 149
13 190
151 154
71 131
150 195
2 31
62 82
7 146
134 187
20 85
6 150
39 98
23 90
9 192
50 193
83 141
143 155
41 144
60 157
13 82
25 136
44 149
16 87
57 88
117 139
136 152
120 144
6 42
78 147
138 198
36 150
69 98
8 88
27 101
113 141
25 28
11 93
71 144
90 157
24 32
43 45
29 147
48 160
6 163
45 91
105 142
124 155
17 29
143 168
36 42
108 147
57 101
2 165
43 166
15 104
18 109
78 160
119 161
31 48
17 150
36 163
110 112
55 176
75 91
8 101
94 104
154 155
52 107
112 158
24 45
10 110
29 160
84 96
115 163
1 61
87 101
73 166
45 104
31 169
64 117
17 42
108 160
149 161
126 177
38 101
98 115
43 179
82 107
142 158
1 182
161 171
40 110
12 48
58 164
77 177
61 169
33 107
112 171
5 8
10 123
115 176
156 177
49 51
73 179
67 105
12 169
31 182
70 110
3 120
89 123
130 161
149 174
42 48
168 187
47 126
88 164
107 177
0 51
126 190
19 64
79 115
24 179
40 123
26 188
100 174
12 61
53 62
72 75
58 177
144 180
77 190
56 67
80 195
33 120
74 121
5 21
46 59
32 124
65 72
156 190
49 64
68 77
54 179
95 180
114 193
7 67
26 80
12 182
53 183
67 118
70 123
89 136
171 175
9 113
42 61
28 126
88 177
107 190
5 142
46 180
104 121
49 185
123 134
183 185
62 124
7 188
81 137
141 188
34 62
125 180
144 193
56 80
42 182
116 131
102 196
14 83
74 134
19 198
60 199
13 124
32 137
51 150
137 190
178 191
95 193
136 194
48 81
34 183
53 196
139 199
92 124
37 188
111 137
4 11
23 24
9 126
28 139
69 140
27 143
46 193
60 91
13 16
44 83
90 199
16 21
62 137
81 150
122 151
34 75
125 193
166 194
4 132
14 96
55 97
96 135
8 22
27 35
13 137
25 191
99 140
118 153
11 27
30 40
16 142
71 78
90 91
76 156
117 194
48 94
34 196
120 199
20 32
92 137
111 150
4 24
50 140
69 153
110 154
22 41
8 143
113 196
25 83
11 148
44 96
30 161
71 199
85 97
145 148
2 99
43 100
84 138
103 151
122 164
87 143
20 153
18 43
4 145
59 81
23 158
64 159
78 94
105 197
17 84
36 97
8 35
99 153
11 40
38 143
29 94
73 100
18 164
50 153
110 167
3 41
22 54
8 156
94 159
66 97
84 151
15 51
87 156
18 56
45 159
3 162
77 111
22 175
140 167
33 41
79 157
10 57
82 162
101 175
73 113
12 103
45 51
91 167
3 54
75 159
94 172
135 173
33 162
107 111
52 175
10 178
109 157
1 129
128 170
21 44
147 183
40 57
100 108
45 172
86 173
77 124
163 164
42 103
121 167
162 168
19 119
79 170
165 173
98 183
10 70
63 162
21 165
95 114
114 127
155 165
12 116
31 129
72 130
158 170
177 183
75 172
116 173
135 186
28 60
47 73
33 175
74 176
88 111
93 189
46 114
65 127
10 191
49 119
68 132
109 170
169 184
21 57
40 70
26 135
67 173
86 186
172 189
58 124
89 191
28 181
61 129
47 194
102 130
14 17
0 119
181 194
19 132
165 186
13 58
32 71
104 176
123 189
16 63
35 76
21 178
40 191
114 140
155 178
7 14
72 143
37 122
116 186
157 187
9 60
69 74
14 138
74 189
160 192
46 127
32 192
49 132
90 133
150 184
2 20
169 197
62 71
134 176
26 148
67 186
153 189
20 74
39 87
70 191
111 192
23 79
9 181
28 194
143 144
14 30
41 133
60 146
13 71
32 84
16 76
2 141
120 133
37 135
138 187
9 73
50 74
69 87
14 151
55 152
96 190
129 138
8 77
27 90
13 192
113 130
132 143
11 82
16 197
90 146
150 197
2 33
29 136
62 84
6 152
92 192
4 79
23 92
64 93
124 144
143 157
41 146
127 149
44 151
85 152
38 77
57 90
2 154
76 103
117 141
136 154
15 93
120 146
139 159
18 98
59 136
97 162
36 152
55 165
8 90
27 103
30 108
112 147
131 160
24 34
84 85
29 149
115 152
48 162
1 50
6 165
4 92
64 106
105 144
17 31
3 96
36 44
22 109
127 162
66 152
85 165
38 90
57 103
43 168
15 106
101 109
1 171
142 147
18 111
78 162
119 163
31 50
91 101
80 171
52 109
131 173
10 112
84 98
1 63
87 103
45 106
31 171
3 109
89 112
22 122
108 162
107 166
126 179
19 53
79 104
24 168
98 117
63 96
101 122
1 184
142 160
40 112
100 163
12 50
31 63
17 165
58 166
77 179
61 171
80 184
33 109
19 174
52 122
93 123
46 48
10 125
137 166
156 179
54 168
73 181
12 171
31 184
70 112
89 125
130 163
149 176
28 115
88 166
0 53
126 192
19 66
5 131
46 169
68 187
40 125
26 190
58 179
56 69
116 120
61 184
102 185
14 72
0 174
74 123
19 187
93 136
32 126
51 139
156 192
49 66
35 131
95 182
114 195
7 69
67 120
12 184
53 185
72 198
70 125
111 126
171 177
47 141
148 193
0 66
5 144
65 195
44 72
104 123
49 187
123 136
81 139
34 64
20 129
53 77
39 142
185 196
42 184
102 198
0 187
13 126
44 193
118 142
159 180
178 193
16 131
35 144
95 195
136 196
48 83
6 86
37 190
111 139
4 13
171 190
9 128
50 129
69 142
129 193
41 80
27 145
60 93
113 185
132 198
13 18
25 72
44 85
71 188
104 136
16 23
2 88
62 139
103 140
122 153
106 145
125 195
166 196
18 32
4 134
78 83
23 147
83 198
124 199
36 86
55 99
8 24
27 37
13 139
25 193
99 142
118 155
71 80
57 145
76 158
117 196
29 83
48 96
6 99
92 139
133 140
50 142
110 156
22 43
8 145
27 158
154 199
66 86
11 150
85 99
30 163
2 101
84 140
103 153
122 166
15 40
1 105
87 145
106 158
59 83
4 147
78 96
105 199
22 164
55 112
8 37
99 155
140 156
38 145
98 159
184 199
15 161
73 102
18 166
133 153
152 166
31 105
91 156
3 43
75 148
8 158
94 161
66 99
11 163
52 164
85 112
24 102
43 115
84 153
1 118
128 159
147 172
40 46
58 100
3 164
61 105
80 118
140 169
52 56
79 159
10 59
54 102
73 115
18 179
12 105
158 159
3 56
94 174
135 175
47 62
33 164
88 100
52 177
107 113
5 65
24 115
10 180
68 121
109 159
128 172
21 46
26 124
100 110
58 113
3 177
77 126
42 105
61 118
80 131
121 169
162 170
181 183
33 56
19 121
79 172
165 175
32 60
63 164
51 73
82 177
35 65
21 167
40 180
114 129
155 167
174 180
12 118
72 132
177 185
116 175
9 49
135 188
28 62
47 75
33 177
74 178
88 113
107 126
5 78
46 116
10 193
51 194
68 134
109 172
150 173
169 186
21 59
7 124
26 137
67 175
153 178
172 191
39 76
70 180
89 193
42 118
83 119
102 132
162 183
14 19
0 121
19 134
165 188
13 60
51 86
123 191
16 65
35 78
40 193
81 194
7 16
34 119
56 137
116 188
9 62
28 75
74 191
160 194
113 119
46 129
32 194
30 84
90 135
35 199
169 199
62 73
7 137
48 138
81 86
134 178
20 76
39 89
92 181
4 68
23 81
9 183
143 146
146 188
187 189
13 73
25 127
44 140
104 191
145 192
16 78
76 92
117 130
136 143
34 132
120 135
20 197
180 186
78 138
97 151
138 189
55 154
96 192
8 79
27 92
99 197
132 145
11 84
30 97
16 199
90 148
29 138
20 89
92 194
4 81
23 94
105 133
50 197
143 159
108 138
41 148
127 151
25 140
38 79
57 92
2 156
43 157
76 105
117 143
29 30
15 95
120 148
6 46
59 138
50 89
36 154
8 92
94 95
52 98
71 148
112 149
24 36
84 87
29 151
115 154
1 52
73 157
64 108
22 111
108 151
127 164
66 154
85 167
79 93
24 157
98 106
43 170
101 111
1 173
161 162
18 113
59 151
100 152
12 39
17 154
36 167
77 168
75 95
94 108
80 173
154 159
52 111
112 162
10 114
156 168
1 65
73 170
45 108
86 109
31 173
89 114
130 152
149 165
168 178
66 167
107 168
19 55
79 106
65 171
98 119
63 98
68 176
1 186
101 124
142 162
21 101
40 114
100 165
77 181
61 173
80 186
33 111
19 176
5 12
10 127
156 181
95 171
114 184
7 58
26 71
12 173
31 186
70 114
89 127
130 165
42 52
28 117
107 181
60 69
5 133
46 171
151 187
104 112
49 176
123 125
40 127
26 192
141 179
34 53
53 66
72 79
125 171
144 184
37 58
56 71
42 173
116 122
61 186
102 187
14 74
0 176
74 125
19 189
5 25
13 115
32 128
46 63
51 141
137 181
178 182
35 133
34 174
67 122
53 187
70 127
111 128
56 192
171 179
28 130
14 195
88 181
129 182
41 69
60 82
132 187
104 125
49 189
90 190
123 138
2 77
62 128
141 192
20 131
53 79
39 144
125 184
144 197
185 198
37 71
23 136
56 84
83 187
14 87
55 88
96 126
8 13
13 128
32 141
30 31
16 133
2 198
76 147
117 185
29 72
48 85
20 23
92 128
171 192
9 130
50 131
69 144
129 195
41 82
27 147
113 187
25 74
44 87
85 88
30 152
2 90
59 72
78 85
23 149
97 98
36 88
96 139
8 26
27 39
118 157
159 195
11 31
30 44
38 134
76 160
29 85
48 98
6 101
59 193
92 141
152 155
50 144
110 158
196 198
3 32
22 45
8 147
66 88
30 165
24 91
84 142
15 42
87 147
18 47
4 149
45 150
59 85
64 163
78 98
17 88
36 101
22 166
80 107
121 145
140 158
38 147
57 160
98 161
10 48
101 166
54 91
18 168
31 107
91 158
22 58
75 150
1 120
87 160
128 161
147 174
45 163
64 176
17 101
3 166
77 115
61 107
80 120
33 45
52 58
51 62
82 166
54 104
40 169
73 117
114 118
155 156
12 107
31 120
72 121
158 161
116 164
47 64
33 166
107 115
52 179
126 128
5 67
46 105
65 118
170 171
109 161
128 174
169 175
21 48
100 112
86 177
58 115
3 179
70 169
42 107
102 121
47 185
162 172
181 185
0 110
146 164
79 174
165 177
51 75
82 179
123 180
35 67
95 118
40 182
114 131
155 169
12 120
72 134
56 126
116 177
9 51
14 129
47 77
88 115
0 2
5 80
46 118
32 183
65 131
49 123
35 188
68 136
109 174
150 175
7 126
26 139
67 177
20 65
39 78
70 182
23 70
42 120
83 121
47 198
162 185
14 21
0 123
60 137
146 177
165 190
13 62
32 75
104 180
16 67
21 182
62 183
76 81
81 196
34 121
53 134
37 126
56 139
97 140
14 142
160 196
27 81
13 183
113 121
32 196
132 134
71 124
16 188
2 24
48 140
134 180
153 193
20 78
6 143
39 91
125 131
23 83
9 185
28 198
69 199
143 148
127 140
60 150
104 193
145 194
16 80
2 145
76 94
34 134
120 137
20 199
139 150
180 188
6 35
4 191
37 139
78 140
97 153
36 143
69 91
8 81
113 134
13 196
11 86
30 99
71 137
131 151
2 37
29 140
48 153
134 193
175 194
1 41
92 196
4 83
105 135
124 148
143 161
108 140
127 153
25 142
85 156
38 81
57 94
2 158
43 159
84 197
117 145
15 97
120 150
59 140
78 153
91 92
55 169
75 84
8 94
94 97
112 151
131 164
24 38
43 51
29 153
84 89
115 156
1 54
87 94
31 162
105 148
17 35
3 100
108 153
85 169
79 95
98 108
43 172
142 151
1 175
100 154
119 167
31 54
17 156
58 157
77 170
75 97
94 110
33 100
52 113
112 164
24 51
10 116
115 169
54 159
73 172
114 173
26 60
12 162
31 175
3 113
130 154
149 167
168 180
47 119
126 183
79 108
24 172
65 173
63 100
82 113
142 164
21 103
26 181
100 167
141 168
53 55
77 183
56 60
42 162
61 175
80 188
33 113
74 114
19 178
93 127
46 52
51 130
49 57
68 70
54 172
114 186
7 60
26 73
12 175
53 176
67 111
72 189
86 124
70 116
56 181
130 167
42 54
28 119
47 132
88 170
107 183
148 184
0 57
19 70
5 135
65 186
151 189
63 113
104 114
49 178
123 127
68 191
21 116
7 181
81 130
26 194
141 181
34 55
53 68
72 81
56 73
42 175
83 176
116 124
102 189
14 76
19 191
60 192
46 65
51 143
137 183
178 184
16 122
35 135
95 186
139 192
92 117
37 181
111 130
56 194
171 181
28 132
69 133
14 197
129 184
41 71
60 84
5 148
46 186
113 176
25 63
132 189
44 76
104 127
49 191
90 192
2 79
62 130
7 194
48 195
122 144
34 68
125 186
37 73
83 189
14 89
96 128
41 192
13 130
25 184
44 197
159 184
11 20
178 197
30 33
16 135
76 149
117 187
29 74
48 87
34 189
120 192
6 90
92 130
78 195
4 17
23 30
129 197
22 34
41 84
8 136
27 149
25 76
11 141
85 90
30 154
2 92
43 93
29 195
84 131
122 157
15 31
20 146
18 36
78 87
23 151
97 100
105 190
36 90
96 141
99 146
159 197
57 149
29 87
15 152
73 93
6 103
59 195
152 157
17 198
110 160
22 47
8 149
94 152
66 90
85 103
43 106
103 157
15 44
1 109
87 149
147 163
59 87
4 151
64 165
17 90
36 103
77 104
22 168
80 109
121 147
33 34
98 163
10 50
15 165
101 168
54 93
73 106
18 170
133 157
12 96
3 47
75 152
33 155
66 103
52 168
68 112
128 163
21 37
147 176
100 101
45 165
86 166
89 171
80 122
121 160
33 47
98 176
63 155
82 168
54 106
95 107
114 120
155 158
12 109
31 122
72 123
158 163
33 168
107 117
5 69
46 107
10 184
49 112
109 163
128 176
169 177
21 50
7 115
26 128
67 166
86 179
172 182
89 184
61 122
102 123
47 187
0 112
19 125
146 166
5 190
165 179
32 64
51 77
82 181
16 56
35 69
21 171
95 120
81 185
114 133
72 136
158 176
37 115
56 128
9 53
135 192
28 66
74 182
93 195
5 82
46 120
32 185
51 198
90 126
2 13
169 190
62 64
7 128
26 141
67 179
153 182
172 195
20 67
39 80
70 184
83 123
28 187
102 136
14 23
0 125
41 126
60 139
13 64
32 77
44 131
104 182
123 195
164 196
2 134
35 82
76 83
117 121
81 198
34 123
20 188
53 136
6 24
37 128
23 193
97 142
157 193
9 66
50 67
55 145
74 195
160 198
8 70
27 83
13 185
132 136
32 198
30 88
16 190
71 126
90 139
150 190
2 26
62 77
48 142
153 195
6 145
92 185
111 198
9 187
143 150
41 139
127 142
187 193
25 131
145 196
38 70
57 83
76 96
62 198
117 134
139 152
180 190
6 37
4 193
18 91
59 129
97 155
50 80
36 145
96 196
13 198
30 101
112 140
131 153
29 142
48 155
175 196
6 158
133 199
45 86
64 99
105 137
17 24
36 37
108 142
127 155
25 144
38 83
24 148
43 161
84 199
15 99
101 102
1 164
59 142
119 156
17 145
77 159
94 99
112 153
131 166
24 40
10 105
43 53
84 91
87 96
45 99
86 100
17 37
3 102
22 115
108 155
149 156
168 169
66 158
126 172
19 46
43 174
63 89
82 102
101 115
1 177
142 153
161 166
100 156
119 169
12 43
17 158
77 172
75 99
61 164
80 177
52 115
137 159
156 172
54 161
114 175
12 164
72 178
149 169
42 43
47 121
88 159
107 172
5 124
46 162
65 175
49 167
82 115
21 105
40 118
26 183
141 170
53 57
58 172
144 175
74 116
19 180
93 129
5 16
46 54
32 119
51 132
137 172
156 185
49 59
68 72
109 110
95 175
114 188
67 113
12 177
53 178
72 191
70 118
56 183
130 169
9 108
42 56
28 121
47 134
148 186
41 60
60 73
5 137
46 175
65 188
151 191
44 65
123 129
21 118
62 119
7 183
81 132
141 183
34 57
53 70
144 188
185 189
56 75
42 177
102 191
0 180
41 181
74 129
60 194
13 119
32 132
44 186
51 145
118 135
159 173
178 186
16 124
197 199
35 137
136 189
7 75
48 76
34 178
53 191
92 119
37 183
111 132
56 196
4 6
97 197
171 183
28 134
69 135
41 73
60 86
113 178
132 191
25 65
44 78
71 181
104 129
90 194
2 81
62 132
7 196
48 197
81 145
122 146
15 20
34 70
39 148
125 188
4 127
23 140
36 79
55 92
41 194
8 17
27 30
13 132
44 199
118 148
159 186
11 22
178 199
16 137
57 138
76 151
117 189
29 76
48 89
34 191
120 194
6 92
78 197
50 135
69 148
110 149
113 191
154 192
25 78
66 79
11 143
85 92
71 194
43 95
29 197
84 133
15 33
87 138
20 148
18 38
4 140
59 76
23 153
78 89
17 79
55 105
96 143
140 149
11 35
38 138
29 89
15 154
73 95
18 159
59 197
152 159
91 149
110 162
3 36
22 49
8 151
94 154
11 156
85 105
24 95
43 108
84 146
87 151
106 164
147 165
59 89
64 167
17 92
77 106
22 170
61 98
80 111
121 149
140 162
38 151
82 157
101 170
73 108
18 172
31 111
91 162
3 49
75 154
94 167
135 168
47 55
33 157
65 109
10 173
109 152
26 117
45 167
58 106
3 170
77 119
47 176
80 124
162 163
33 49
19 114
79 165
165 168
32 53
51 66
82 170
101 183
21 160
95 109
40 173
12 111
53 112
158 165
177 178
56 117
116 168
9 42
135 181
88 106
33 170
74 171
107 119
93 184
5 71
46 109
65 122
49 114
68 127
109 165
169 179
21 52
7 117
26 130
67 168
172 184
39 69
42 111
83 112
28 176
102 125
47 189
162 176
19 127
146 168
5 192
165 181
13 53
63 170
51 79
104 171
123 184
35 71
21 173
95 122
81 187
7 9
34 112
39 190
72 138
37 117
9 55
160 187
93 197
13 174
46 122
32 187
16 179
49 127
2 15
169 192
62 66
7 130
48 131
67 181
153 184
111 187
83 125
28 189
69 190
102 138
14 25
41 128
146 181
13 66
25 120
44 133
16 71
2 136
76 85
62 187
117 123
34 125
20 190
37 130
78 131
138 182
157 195
50 69
69 82
14 146
55 147
96 185
8 72
27 85
13 187
113 125
132 138
11 77
30 90
16 192
71 128
90 141
131 142
48 144
134 184
153 197
194 198
20 82
9 189
50 190
105 126
124 139
143 152
8 193
127 144
187 195
25 133
11 198
85 147
145 198
57 85
2 149
43 150
117 136
15 88
120 141
18 93
4 195
59 131
78 144
138 195
50 82
36 147
55 160
96 198
8 85
27 98
11 90
30 103
38 193
112 142
131 155
24 29
29 144
115 147
6 160
45 88
124 152
36 39
22 104
127 157
85 160
24 150
98 99
15 101
1 166
18 106
100 145
12 32
77 161
75 88
94 101
80 166
33 91
52 104
24 42
10 107
156 161
54 150
73 163
12 153
3 104
89 107
22 117
130 145
149 158
168 171
107 161
19 48
79 99
65 164
98 112
82 104
101 117
40 107
12 45
77 174
42 153
75 101
61 166
80 179
33 104
93 118
10 120
51 121
54 163
95 164
7 51
67 102
12 166
86 115
31 179
72 180
70 107
149 171
42 45
28 110
47 123
88 161
148 175
0 48
60 62
5 126
46 164
65 177
151 180
104 105
49 169
68 182
40 120
26 185
141 172
34 46
53 59
125 164
144 177
56 64
42 166
61 179
102 180
14 67
0 169
74 118
19 182
5 18
46 56
32 121
51 134
49 61
35 126
95 177
114 190
7 64
26 77
67 115
72 193
37 172
70 120
171 172
9 110
28 123
14 188
47 136
88 174
148 188
41 62
60 75
5 139
46 177
44 67
49 182
90 183
123 131
2 70
62 121
7 185
26 198
34 59
20 124
39 137
125 177
185 191
23 129
56 77
143 194
14 80
55 81
41 183
60 196
32 134
44 188
118 137
35 139
76 140
117 178
136 191
48 78
34 180
120 183
53 193
92 121
37 185
4 8
97 199
171 185
69 137
129 188
41 75
113 180
173 194
25 67
30 145
71 183
90 196
2 83
48 199
122 148
15 22
20 137
106 140
39 150
18 27
23 142
124 194
55 94
41 196
127 199
8 19
25 188
159 188
30 37
16 139
15 143
48 91
92 134
78 199
4 21
69 150
110 151
154 194
11 145
85 94
30 158
71 196
24 84
43 97
29 199
103 148
122 161
87 140
59 78
4 142
64 156
105 194
77 95
108 199
80 100
99 150
140 151
38 140
57 153
98 154
142 197
54 84
73 97
59 199
133 148
152 161
31 100
91 151
110 164
22 51
8 153
75 143
94 156
66 94
52 159
10 162
84 148
1 113
128 154
147 167
40 41
45 156
64 169
17 94
58 95
3 159
77 108
61 100
80 113
121 151
140 164
33 38
19 103
38 153
79 154
98 167
10 54
101 172
54 97
40 162
73 110
12 100
31 113
91 164
75 156
135 170
47 57
107 108
52 172
93 173
5 60
49 103
68 116
128 167
21 41
147 180
40 54
26 119
86 170
58 108
70 162
89 175
42 100
47 178
0 103
5 181
165 170
32 55
51 68
95 111
40 175
12 113
53 114
72 127
56 119
116 170
135 183
14 122
47 70
74 173
93 186
5 73
46 111
32 176
65 124
49 116
35 181
68 129
109 167
150 168
21 54
169 181
26 132
172 186
39 71
70 175
89 188
9 165
42 113
28 178
83 114
47 191
162 178
0 116
146 170
5 194
13 55
32 68
44 122
51 81
63 172
104 173
16 60
35 73
21 175
62 176
95 124
7 11
34 114
6 15
56 132
97 133
116 183
157 184
9 57
50 58
14 135
74 186
13 176
32 189
30 79
16 181
71 117
35 194
150 181
2 17
169 194
62 68
7 132
48 133
20 71
39 84
92 176
23 76
9 178
83 127
28 191
69 192
41 130
127 133
60 143
146 183
25 122
44 135
145 187
16 73
57 74
2 138
62 189
136 138
34 127
139 143
6 28
4 184
37 132
78 133
97 146
138 184
157 197
36 136
69 84
55 149
96 187
27 87
13 189
99 192
11 79
71 130
16 194
57 195
90 143
131 144
2 30
134 186
175 187
1 34
6 149
4 76
64 90
105 128
124 141
108 133
187 197
25 135
38 74
57 87
2 151
15 90
87 195
18 95
78 146
119 147
31 34
36 149
55 162
8 87
52 93
38 195
112 144
24 31
43 44
115 149
73 152
45 90
64 103
22 106
66 149
85 162
38 87
79 88
24 152
98 101
43 165
82 93
15 103
101 106
142 144
18 108
59 146
12 34
17 149
58 150
91 98
77 163
80 168
33 93
52 106
10 109
156 163
12 155
45 103
31 168
86 104
3 106
89 109
130 147
47 112
88 150
0 37
24 165
65 166
82 106
68 171
1 181
101 119
142 157
21 96
141 161
12 47
144 166
42 155
61 168
33 106
74 107
19 171
10 122
51 123
156 176
49 50
54 165
95 166
114 179
7 53
26 66
12 168
86 117
72 182
70 109
89 122
42 47
28 112
88 163
107 176
148 177
0 50
19 63
60 64
5 128
46 166
65 179
151 182
104 107
49 171
68 184
21 109
81 123
141 174
34 48
53 61
39 126
125 166
56 66
42 168
83 169
116 117
14 69
0 171
93 133
13 110
46 58
32 123
51 136
137 176
16 115
49 63
35 128
95 179
136 180
7 66
34 169
53 182
139 185
72 195
37 174
70 122
111 123
171 174
28 125
14 190
129 177
41 64
60 77
132 182
25 56
49 184
90 185
123 133
2 72
62 123
7 187
81 136
122 137
20 126
39 139
166 180
185 193
37 66
23 131
83 182
143 196
14 82
41 185
60 198
99 126
32 136
159 177
16 128
76 142
117 180
136 193
34 182
139 198
37 187
111 136
4 10
50 126
113 182
173 196
11 134
44 82
30 147
90 198
2 85
43 86
29 188
62 136
15 24
106 142
166 193
18 29
4 131
59 67
23 144
64 145
78 80
105 183
124 196
17 70
36 83
96 134
41 198
108 188
8 21
25 190
118 152
159 190
11 26
71 77
57 142
76 155
161 199
73 86
6 96
110 153
22 40
94 145
66 83
11 147
85 96
30 160
71 198
24 86
43 99
84 137
103 150
106 155
147 156
188 194
18 42
4 144
45 145
59 80
64 158
105 196
191 199
17 83
3 148
36 96
22 161
77 97
80 102
121 140
38 142
98 156
184 196
10 43
15 158
101 161
73 99
133 150
12 89
31 102
22 53
75 145
33 148
52 161
65 100
68 105
1 115
128 156
147 169
45 158
86 159
3 161
77 110
22 174
89 164
42 89
61 102
80 115
140 166
19 105
98 169
10 56
51 57
63 148
101 174
95 100
40 164
75 158
116 159
28 46
88 97
33 161
107 110
93 175
5 62
46 100
65 113
10 177
51 178
169 170
40 56
26 121
67 159
86 172
172 175
58 110
70 164
28 167
61 115
47 180
19 118
146 159
5 183
79 169
165 172
51 70
82 174
123 175
35 62
81 178
114 126
53 116
56 121
9 46
135 185
74 175
93 188
5 75
32 178
51 191
49 118
150 170
2 6
7 121
26 134
67 172
172 188
70 177
111 178
23 65
102 129
47 193
162 180
0 118
41 119
60 132
165 185
13 57
32 70
44 124
104 175
123 188
16 62
21 177
81 191
34 116
20 181
39 194
23 186
56 134
97 135
138 173
9 59
50 60
157 186
69 73
14 137
74 188
27 76
13 178
113 116
30 81
16 183
90 132
35 196
150 183
29 122
62 70
39 86
111 191
4 65
50 181
83 129
69 194
124 130
127 135
27 197
104 188
145 189
57 76
103 192
136 140
120 132
20 194
106 197
139 145
6 30
59 122
78 135
23 199
97 148
138 186
157 199
50 73
36 138
8 76
27 89
13 191
99 194
113 129
11 81
71 132
112 133
57 197
131 146
29 135
115 138
48 148
175 189
1 36
6 151
92 191
133 192
4 78
105 130
50 194
8 197
187 199
66 138
85 151
38 76
57 89
43 154
1 157
87 197
18 97
4 199
59 135
78 148
31 36
36 151
163 192
75 79
38 197
112 146
131 159
24 33
43 46
115 151
54 141
73 154
45 92
31 157
64 105
17 30
3 95
22 108
108 148
66 151
107 152
126 165
19 39
79 90
24 154
98 103
43 167
82 95
101 108
1 170
142 146
40 98
100 149
119 162
12 36
31 49
77 165
75 92
94 105
33 95
52 108
93 109
54 154
73 167
26 55
12 157
67 93
31 170
86 106
3 108
89 111
130 149
149 162
47 114
88 152
107 165
0 39
126 178
19 52
5 117
79 103
63 95
82 108
21 98
40 111
26 176
141 163
12 49
144 168
61 170
80 183
0 160
74 109
5 9
46 47
32 112
51 125
49 52
95 168
114 181
67 106
12 170
72 184
70 111
89 124
130 162
9 101
42 49
88 165
0 52
41 53
60 66
132 171
151 184
44 58
104 109
49 173
68 186
62 112
81 125
26 189
141 176
39 128
144 181
37 55
56 68
42 170
102 184
14 71
74 122
19 186
60 187
13 112
32 125
118 128
159 166
178 179
35 130
95 181
7 68
53 184
139 187
72 197
6 72
37 176
92 112
56 189
111 125
171 176
9 114
28 127
69 128
14 192
129 179
148 192
41 66
132 184
44 71
104 122
62 125
7 189
48 190
81 138
20 128
125 181
185 195
37 68
23 133
83 184
36 72
55 85
41 187
96 123
8 10
99 128
118 141
159 179
57 131
2 195
76 144
136 195
29 69
48 82
34 184
120 187
6 85
92 125
78 190
111 138
50 128
110 142
8 131
27 144
154 185
173 198
25 71
2 87
103 139
122 152
15 26
87 131
18 31
4 133
23 146
64 147
124 198
17 72
36 85
22 150
55 98
96 136
108 190
8 23
25 192
99 141
140 142
38 131
184 185
117 195
15 147
73 88
31 91
50 141
91 142
3 29
22 42
94 147
11 149
52 150
85 98
24 88
84 139
103 152
87 144
188 196
18 44
59 82
45 147
105 198
58 86
3 150
80 104
121 142
38 144
79 145
184 198
15 160
18 165
91 155
3 42
75 147
94 160
176 199
47 48
33 150
52 163
24 101
65 102
10 166
68 107
109 145
21 32
147 171
40 45
45 160
58 99
3 163
77 112
89 166
42 91
61 104
47 169
80 117
0 94
33 42
79 158
98 171
10 58
63 150
101 176
54 101
95 102
40 166
12 104
72 118
116 161
135 174
47 61
88 99
74 164
107 112
93 177
5 64
46 102
65 115
10 179
51 180
68 120
109 158
169 172
7 110
40 58
26 123
67 161
86 174
172 177
39 62
70 166
89 179
42 104
83 105
28 169
102 118
47 182
162 169
181 182
5 185
165 174
32 59
63 163
51 72
16 51
35 64
21 166
95 115
40 179
81 180
155 166
53 118
39 183
72 131
158 171
37 110
56 123
116 174
9 48
28 61
160 180
5 77
13 167
32 180
51 193
49 120
90 121
35 185
150 172
169 185
7 123
134 164
67 174
39 75
70 179
111 180
23 67
83 118
28 182
69 183
14 18
60 134
146 174
13 59
25 113
32 72
44 126
164 191
16 64
2 129
62 180
81 193
122 194
34 118
20 183
6 19
37 123
78 124
23 188
97 137
138 175
157 188
9 61
50 62
69 75
14 139
55 140
96 178
160 193
8 65
13 180
99 183
32 193
30 83
16 185
90 134
35 198
131 135
150 185
29 124
153 190
20 75
92 180
111 193
152 194
4 67
23 80
64 81
124 132
143 145
108 124
8 186
41 134
127 137
187 188
25 126
11 191
85 140
145 191
38 65
57 78
76 91
62 193
103 194
15 81
120 134
20 196
106 199
180 185
18 86
4 188
59 124
78 137
138 188
50 75
55 153
96 191
182 194
27 91
11 83
38 186
112 135
57 199
131 148
29 137
115 140
175 191
1 38
6 153
92 193
133 194
4 80
64 94
50 196
105 132
3 84
8 199
66 140
38 78
24 143
57 91
84 194
15 94
87 199
18 99
59 137
100 138
119 151
12 25
31 38
77 154
121 197
33 84
52 97
38 199
10 100
115 153
73 156
45 94
89 100
22 110
130 138
66 153
107 154
19 41
79 92
98 105
43 169
101 110
1 172
142 148
40 100
100 151
119 164
12 38
31 51
58 154
77 167
75 94
61 159
80 172
33 97
19 162
93 111
51 114
137 154
156 167
114 170
12 159
86 108
31 172
72 173
70 100
149 164
47 116
107 167
0 41
5 119
46 157
65 170
79 105
49 162
82 110
68 175
21 100
40 113
81 114
26 178
34 39
125 157
58 167
37 44
56 57
42 159
61 172
102 173
14 60
0 162
93 124
5 11
32 114
137 167
49 54
35 119
7 57
26 70
53 173
72 186
70 113
111 114
56 178
9 103
148 181
0 54
5 132
46 170
65 183
132 173
151 186
44 60
49 175
68 188
2 63
21 113
7 178
26 191
20 117
53 65
39 130
125 170
144 183
23 122
56 70
83 173
0 175
41 176
74 124
60 189
32 127
44 181
118 130
178 181
16 119
76 133
117 171
29 58
48 71
34 173
53 186
37 178
56 191
97 192
171 178
9 116
50 117
69 130
14 194
129 181
27 133
113 173
132 186
25 60
44 73
90 189
2 76
62 127
7 191
48 192
103 128
122 141
20 130
39 143
166 184
185 197
4 122
83 186
36 74
96 125
41 189
127 192
8 12
13 127
25 181
44 194
159 181
16 132
76 146
117 184
136 197
29 71
15 136
48 84
120 189
6 87
18 141
37 191
36 195
69 143
110 144
22 31
8 133
27 146
113 186
154 187
25 73
66 74
11 138
85 87
71 189
24 77
43 90
29 192
103 141
15 28
1 93
106 146
166 197
18 33
59 71
45 136
64 149
105 187
17 74
36 87
77 88
22 152
108 192
25 194
66 195
99 143
140 144
11 30
38 133
57 146
98 147
184 187
10 34
15 149
101 152
54 77
73 90
59 192
152 154
31 93
17 195
91 144
110 157
196 197
22 44
8 146
66 87
11 151
52 152
24 90
10 155
87 146
128 147
147 160
45 149
64 162
17 87
3 152
77 101
61 93
80 106
121 144
38 146
79 147
98 160
101 165
54 90
73 103
91 157
3 44
94 162
135 163
47 50
33 152
52 165
5 53
65 104
10 168
49 96
109 147
128 160
21 34
40 47
26 112
67 150
86 163
58 101
3 165
70 155
42 93
102 107
47 171
19 109
79 160
32 48
51 61
123 166
35 53
21 155
95 104
40 168
114 117
12 106
53 107
72 120
158 160
116 163
9 37
135 176
28 50
47 63
74 166
93 179
5 66
32 169
65 117
51 182
49 109
109 160
150 161
169 174
7 112
26 125
67 163
39 64
70 168
89 181
9 158
42 106
83 107
47 184
0 109
60 123
146 163
165 176
13 48
32 61
63 165
51 74
104 166
123 179
16 53
35 66
62 169
95 117
81 182
34 107
39 185
56 125
157 177
28 63
160 182
13 169
118 185
71 110
90 123
35 187
150 174
2 10
169 187
7 125
48 126
134 166
153 179
39 77
92 169
4 56
23 69
69 185
41 123
27 188
146 176
13 61
145 180
164 193
2 131
76 80
62 182
117 118
81 195
122 196
39 198
6 21
4 177
78 126
97 139
157 190
50 64
69 77
14 141
160 195
8 67
113 120
13 182
99 185
118 198
11 72
30 85
71 123
57 188
2 23
48 139
1 27
20 77
92 182
111 195
152 196
4 69
64 83
124 134
69 198
110 199
143 147
22 86
8 188
127 139
187 190
11 193
44 141
145 193
38 67
2 144
43 145
76 93
117 131
15 83
87 188
20 198
59 126
4 190
78 139
138 190
17 129
55 155
96 193
182 196
8 80
99 198
140 199
52 86
38 188
112 137
131 150
29 139
115 142
175 193
73 145
6 155
133 196
50 198
17 21
3 86
108 139
38 80
79 81
43 158
170 199
82 86
1 161
18 101
59 139
119 153
12 27
17 142
77 156
163 196
75 83
94 96
80 161
121 199
112 150
24 37
115 155
73 158
12 148
86 97
3 99
149 153
47 105
107 156
0 30
19 43
79 94
24 158
65 159
98 107
101 112
1 174
142 150
40 102
100 153
141 154
12 40
42 148
80 174
33 99
74 100
19 164
51 116
156 169
54 158
95 159
114 172
86 110
72 175
130 153
28 105
47 118
107 169
148 170
0 43
19 56
46 159
151 175
63 99
49 164
68 177
21 102
26 180
141 167
34 41
53 54
39 119
58 169
144 172
37 46
42 161
102 175
14 62
0 164
19 177
60 178
5 13
13 103
32 116
46 51
51 129
137 169
16 108
49 56
35 121
95 172
114 185
48 60
34 162
53 175
72 188
70 115
111 116
69 119
14 183
148 183
41 57
60 70
5 134
46 172
132 175
25 49
151 188
44 62
49 177
2 65
62 116
7 180
26 193
122 130
20 119
125 172
185 186
37 59
23 124
83 175
143 189
96 114
41 178
60 191
99 119
32 129
44 183
118 132
178 183
2 186
35 134
136 186
48 73
34 175
120 178
53 188
92 116
37 180
111 129
56 193
97 194
69 132
14 196
55 197
129 183
8 122
41 70
27 135
113 175
132 188
25 62
30 140
71 178
90 191
2 78
29 181
62 129
122 143
15 17
20 132
106 135
166 186
59 60
4 124
185 199
64 138
83 188
17 63
55 89
127 194
8 14
99 132
44 196
85 197
118 145
159 183
30 32
38 122
57 135
2 199
76 148
117 186
136 199
29 73
120 191
73 79
6 89
18 143
59 181
92 129
4 16
50 132
91 133
110 146
8 135
94 138
154 189
66 76
85 89
112 192
24 79
84 130
29 194
103 143
106 148
59 73
4 137
45 138
17 76
3 141
36 89
22 154
77 90
108 194
25 196
80 95
121 133
38 135
98 149
184 189
10 36
15 151
101 154
142 192
54 79
18 156
133 143
31 95
17 197
110 159
3 33
75 138
94 151
24 92
1 108
128 149
147 162
86 152
3 154
89 157
22 167
61 95
80 108
121 146
140 159
79 149
98 162
63 141
82 154
101 167
54 92
40 157
12 95
31 108
75 151
116 152
88 90
33 154
52 167
93 168
65 106
10 170
68 111
26 114
58 103
70 157
89 170
42 95
28 160
61 108
102 109
0 98
5 176
32 50
63 154
51 63
82 167
95 106
114 119
155 157
53 109
158 162
135 178
47 65
74 168
93 181
5 68
46 106
32 171
51 184
49 111
35 176
68 124
150 163
169 176
21 49
153 168
20 53
39 66
70 170
111 171
23 58
9 160
83 109
28 173
102 122
47 186
162 173
0 111
60 125
5 189
146 165
44 117
104 168
123 181
16 55
21 170
62 171
34 109
20 174
53 122
39 187
37 114
138 166
50 53
14 130
74 181
27 69
32 184
118 187
30 74
71 112
150 176
2 12
7 127
134 168
153 181
20 66
6 131
39 79
92 171
4 58
23 71
9 173
50 174
83 122
69 187
41 125
27 190
13 63
25 117
44 130
16 68
57 69
2 133
117 120
62 184
122 198
120 125
6 23
4 179
78 128
23 192
138 179
157 192
50 66
36 131
55 144
96 182
160 197
8 69
27 82
13 184
16 189
57 190
29 128
48 141
134 181
175 182
1 29
6 144
92 184
133 185
4 71
45 72
105 123
50 187
8 190
127 141
187 192
11 195
85 144
186 196
38 69
103 198
1 150
4 192
78 141
119 142
17 131
55 157
96 195
182 198
8 82
11 87
52 88
38 190
112 139
131 152
29 141
175 195
1 42
73 147
45 85
64 98
17 23
3 88
22 101
85 157
19 32
38 82
79 83
43 160
84 198
82 88
1 163
40 91
119 155
31 42
58 145
163 198
61 150
94 98
80 163
52 101
93 102
10 104
156 158
73 160
114 161
155 199
67 86
86 99
31 163
70 91
89 104
130 142
0 32
5 110
24 160
65 161
79 96
63 88
82 101
68 166
21 91
100 155
141 156
12 42
58 158
144 161
77 171
80 176
0 153
74 102
19 166
93 115
51 118
137 158
156 171
35 110
54 160
114 174
7 48
26 61
67 99
86 112
70 104
89 117
130 155
9 94
47 120
107 171
148 172
46 161
65 174
151 177
63 101
68 179
21 104
62 105
7 169
34 43
53 56
39 121
125 161
144 174
56 61
42 163
13 105
32 118
51 131
35 123
95 174
136 175
48 62
34 164
53 177
139 180
72 190
92 105
37 169
111 118
56 182
9 107
14 185
129 172
41 59
60 72
46 174
132 177
25 51
44 64
7 182
48 183
122 132
34 56
20 121
39 134
125 174
166 175
4 113
23 126
83 177
102 190
143 191
55 78
41 180
96 116
60 193
99 121
178 185
16 123
57 124
2 188
76 137
29 62
34 177
120 180
139 193
92 118
37 182
78 183
111 131
4 5
97 196
50 121
69 134
14 198
110 135
8 124
27 137
132 190
11 129
30 142
71 180
90 193
131 194
29 183
103 132
48 196
122 145
15 19
87 124
20 134
106 137
6 199
166 188
18 24
23 139
64 140
105 178
55 91
96 129
8 16
25 185
99 134
44 198
85 199
11 21
38 124
57 137
76 150
117 188
15 140
120 193
161 194
6 91
59 183
17 186
110 148
3 22
22 35
8 137
154 191
11 142
52 143
71 193
85 91
112 194
24 81
43 94
29 196
84 132
115 199
106 150
188 189
18 37
59 75
45 140
64 153
191 194
80 97
38 137
10 38
15 153
101 156
54 81
59 196
100 197
12 84
17 199
91 148
3 35
75 140
94 153
135 154
52 156
65 95
68 100
1 110
109 138
3 156
89 159
42 84
80 110
33 35
19 100
10 51
63 143
101 169
21 146
40 159
12 97
31 110
72 111
75 153
116 154
135 167
33 156
93 170
5 57
46 95
10 172
51 173
49 100
68 113
109 151
128 164
21 38
26 116
67 154
86 167
39 55
70 159
89 172
42 97
28 162
102 111
47 175
0 100
19 113
60 114
5 178
32 52
104 157
16 44
21 159
40 172
81 173
155 159
53 111
158 164
37 103
56 116
9 41
28 54
14 119
160 173
93 183
13 160
49 113
90 114
35 178
150 165
169 178
7 116
134 157
26 129
153 170
20 55
39 68
70 172
23 60
9 162
102 124
0 113
41 114
60 127
5 191
146 167
13 52
32 65
44 119
123 183
164 184
2 122
35 70
81 186
122 187
20 176
53 124
37 116
23 181
138 168
157 181
50 55
14 132
55 133
96 171
160 186
8 58
27 71
13 173
32 186
16 178
150 178
2 14
134 170
20 68
6 133
111 186
152 187
23 73
9 175
50 176
124 125
69 189
41 127
127 130
27 192
25 119
44 132
30 197
38 58
57 71
76 84
62 186
15 74
120 127
20 189
6 25
23 194
97 143
138 181
50 68
36 133
96 184
182 187
8 71
27 84
71 127
131 141
29 130
115 133
48 143
194 197
1 31
45 74
64 87
91 190
124 138
3 77
22 90
8 192
108 130
127 143
66 133
11 197
85 146
145 197
186 198
24 136
57 84
43 149
84 187
15 87
1 152
87 192
18 92
4 194
59 130
78 143
119 144
12 18
17 133
36 146
77 147
80 152
33 77
52 90
38 192
24 28
10 93
115 146
1 44
54 136
86 88
3 90
22 103
75 195
66 146
19 34
79 85
24 149
43 162
63 77
101 103
1 165
40 93
100 144
12 31
31 44
17 146
80 165
19 155
52 103
93 104
10 106
156 160
54 149
73 162
114 163
26 50
12 152
70 93
130 144
149 157
47 109
107 160
0 34
126 173
19 47
5 112
79 98
65 163
68 168
21 93
40 106
81 107
26 171
141 158
58 160
144 163
42 152
61 165
0 155
19 168
93 117
35 112
95 163
67 101
12 165
53 166
72 179
70 106
56 171
9 96
129 161
148 174
0 47
41 48
60 61
132 166
65 176
151 179
44 53
49 168
68 181
21 106
62 107
7 171
81 120
20 110
53 58
39 123
125 163
37 50
23 115
56 63
83 166
102 179
14 66
41 169
74 117
60 182
13 107
44 174
118 123
159 161
16 112
35 125
95 176
48 64
34 166
53 179
92 107
56 184
97 185
9 109
50 110
14 187
27 126
132 179
25 53
30 131
71 169
90 182
104 117
7 184
48 185
122 134
20 123
106 126
125 176
166 177
4 115
23 128
83 179
124 180
143 193
55 80
96 118
127 185
60 195
25 174
118 136
159 174
178 187
57 126
2 190
117 177
136 190
29 64
48 77
34 179
139 195
6 80
37 184
4 7
50 123
36 188
110 137
22 24
8 126
173 193
66 67
11 131
30 144
90 195
48 198
15 21
1 86
106 139
166 190
18 26
4 128
45 129
64 142
105 180
124 193
17 67
36 80
22 145
55 93
96 131
8 18
25 187
11 23
38 126
98 140
117 190
15 142
101 145
120 195
73 83
18 147
59 185
119 199
31 86
91 137
3 24
22 37
8 139
94 142
154 193
66 80
24 83
43 96
87 139
128 140
147 153
188 191
45 142
64 155
105 193
191 196
58 81
77 94
22 158
149 199
80 99
121 137
38 139
98 153
184 193
101 158
142 196
73 96
59 198
12 86
3 37
75 142
94 155
135 156
176 194
33 145
52 158
5 46
24 96
68 102
128 153
21 27
147 166
26 105
67 143
86 156
58 94
3 158
70 148
89 161
130 199
42 86
61 99
80 112
121 150
0 89
33 37
32 41
63 145
51 54
82 158
123 159
21 148
40 161
12 99
53 100
56 105
116 156
9 30
135 169
28 43
47 56
33 158
88 94
93 172
5 59
46 97
65 110
10 174
51 175
49 102
68 115
26 118
153 159
86 169
70 161
89 174
9 151
42 99
83 100
47 177
0 102
60 116
5 180
146 156
13 41
63 158
51 67
123 172
16 46
35 59
21 161
62 162
95 110
81 175
34 100
72 126
37 105
56 118
116 169
157 170
9 43
14 121
74 172
160 175
27 60
13 162
46 110
32 175
51 188
16 167
90 116
35 180
2 3
169 180
7 118
48 119
134 159
20 57
39 70
92 162
111 175
4 49
23 62
9 164
83 113
28 177
69 178
102 126
41 116
60 129
5 193
146 169
13 54
44 121
164 186
16 59
2 124
122 189
20 178
39 191
6 14
37 118
78 119
23 183
97 132
138 170
157 183
50 57
69 70
14 134
96 173
160 188
8 60
27 73
13 175
99 178
118 191
11 65
30 78
90 129
35 193
76 194
2 16
29 119
134 172
20 70
92 175
4 62
64 76
105 114
124 127
69 191
108 119
8 181
41 129
27 194
127 132
25 121
30 199
38 60
57 73
2 137
43 138
84 176
103 189
117 124
120 129
106 194
18 81
4 183
59 119
23 196
64 197
78 132
97 145
55 148
96 186
182 189
8 73
140 192
11 78
52 79
38 181
71 129
112 130
131 143
29 132
194 199
73 138
6 148
133 189
64 89
50 191
91 192
105 127
124 140
3 79
22 92
8 194
94 197
108 132
66 135
167 187
38 73
24 138
43 151
170 192
87 194
18 94
4 196
59 132
100 133
119 146
31 33
17 135
77 149
163 189
75 76
80 154
121 192
33 79
38 194
112 143
10 95
115 148
1 46
73 151
12 141
45 89
31 154
86 90
130 133
75 197
47 98
66 148
107 149
79 87
65 152
82 92
101 105
1 167
109 195
142 143
40 95
100 146
119 159
58 149
77 162
42 141
61 154
80 167
33 92
74 93
19 157
51 109
137 149
156 162
7 39
26 52
12 154
67 90
86 103
70 95
89 108
130 146
149 159
47 111
88 149
107 162
148 163
0 36
5 114
46 152
65 165
151 168
49 157
21 95
7 160
40 108
26 173
141 160
58 162
144 165
37 39
42 154
61 167
0 157
93 119
5 6
13 96
32 109
51 122
137 162
16 101
35 114
95 165
7 52
26 65
34 155
53 168
72 181
70 108
56 173
28 111
69 112
88 162
41 50
60 63
46 165
132 168
151 181
44 55
104 106
49 170
90 171
62 109
7 173
81 122
26 186
141 173
34 47
39 125
37 52
23 117
56 65
83 168
102 181
143 182
0 170
41 171
55 69
13 109
32 122
118 125
159 163
2 179
35 127
76 128
136 179
29 53
48 66
34 168
120 171
53 181
139 184
92 109
37 173
97 187
50 112
69 125
14 189
129 176
8 115
27 128
113 168
132 181
173 182
25 55
44 68
90 184
2 71
103 123
48 187
106 128
166 179
185 192
124 182
143 195
36 69
96 120
41 184
127 187
25 176
99 125
44 189
118 138
159 176
11 12
38 115
57 128
117 179
136 192
48 79
139 197
18 136
59 174
4 9
50 125
110 139
8 128
94 131
27 141
113 181
154 182
173 195
66 69
11 133
112 185
24 72
43 85
29 187
84 123
103 136
1 88
106 141
59 66
4 130
64 144
105 182
124 195
17 69
77 83
22 147
108 187
25 189
66 190
80 88
121 126
24 193
57 141
15 144
101 147
142 185
161 198
54 72
73 85
18 149
59 187
31 88
17 190
110 152
94 144
154 195
195 196
52 147
24 85
54 193
87 141
128 142
147 155
188 193
45 144
191 198
17 82
77 96
22 160
61 88
80 101
121 139
140 152
19 91
79 142
184 195
63 134
82 147
101 160
142 198
40 150
73 98
12 88
31 101
72 102
75 144
116 145
135 158
176 196
33 147
52 160
5 48
46 86
65 99
10 163
68 104
109 142
21 29
67 145
86 158
70 150
61 101
47 166
19 104
5 169
79 155
32 43
63 147
123 161
21 150
95 99
40 163
12 101
53 102
72 115
56 107
116 158
9 32
28 45
14 110
47 58
88 96
46 99
65 112
49 104
35 169
68 117
109 155
150 156
21 42
7 107
26 120
153 161
172 174
20 46
70 163
23 51
42 101
102 115
47 179
162 166
0 104
60 118
165 171
13 43
104 161
123 174
16 48
35 61
21 163
62 164
95 112
34 102
53 115
39 180
56 120
97 121
138 159
74 174
160 177
27 62
13 164
32 177
51 190
30 67
16 169
48 121
134 161
153 174
39 72
6 124
4 51
9 166
83 115
28 179
69 180
25 110
44 123
30 188
145 175
164 188
16 61
57 62
81 190
122 191
15 65
20 180
39 193
23 185
97 134
138 172
36 124
55 137
96 175
160 190
113 115
13 177
11 67
30 80
71 118
57 183
90 131
2 18
29 121
48 134
134 174
1 22
6 137
92 177
152 191
4 64
64 78
105 116
124 129
69 193
22 81
8 183
127 134
11 188
85 137
145 188
38 62
57 75
103 191
15 78
1 143
20 193
120 131
18 83
59 121
119 135
64 199
36 137
163 178
55 150
8 75
52 81
131 145
29 134
15 199
175 188
1 35
73 140
133 191
45 78
64 91
105 129
91 194
8 196
94 199
85 150
126 151
167 189
38 75
43 153
84 191
170 194
87 196
45 199
119 148
31 35
17 137
58 138
77 151
163 191
61 143
80 156
33 81
52 94
38 196
79 197
93 95
10 97
73 153
114 154
26 41
12 143
86 92
70 84
89 97
75 199
130 135
47 100
88 138
0 25
126 164
19 38
79 89
24 153
65 154
63 81
82 94
68 159
109 197
142 145
21 84
40 97
26 162
100 148
12 35
58 151
77 164
61 156
80 169
0 146
33 94
19 159
93 108
51 111
54 153
95 154
7 41
26 54
12 156
53 157
67 92
72 170
86 105
70 97
130 148
9 87
28 100
88 151
148 165
0 38
5 116
46 154
65 167
151 170
63 94
49 159
68 172
21 97
62 98
7 162
26 175
141 162
34 36
39 114
125 154
144 167
37 41
42 156
83 157
102 170
74 108
19 172
60 173
13 98
32 111
51 124
137 164
16 103
95 167
7 54
48 55
34 157
53 170
37 162
56 175
9 100
148 178
60 65
46 167
113 157
132 170
25 44
151 183
44 57
90 173
2 60
62 111
7 175
48 176
34 49
20 114
39 127
166 168
23 119
83 170
102 183
14 70
55 71
96 109
60 186
13 111
25 165
44 178
118 127
159 165
2 181
76 130
136 181
48 68
120 173
6 71
37 175
78 176
92 111
14 191
129 178
41 65
113 170
25 57
11 122
44 70
30 135
71 173
90 186
131 187
43 74
84 112
103 125
48 189
122 138
87 117
166 181
185 194
4 119
64 133
105 171
124 184
17 58
143 197
55 84
41 186
96 122
108 176
8 9
25 178
44 191
159 178
38 117
57 130
2 194
43 195
76 143
117 181
29 68
161 187
73 74
6 84
18 138
78 189
50 127
91 128
110 141
22 28
154 184
173 197
11 135
112 187
43 87
84 125
103 138
87 130
18 30
59 68
64 146
105 184
124 197
17 71
3 136
36 84
108 189
80 90
121 128
140 141
79 131
98 144
10 31
142 187
54 74
73 87
18 151
100 190
133 138
12 77
31 90
17 192
154 197
195 198
33 136
66 84
65 88
10 152
54 195
128 144
188 195
86 147
58 85
3 149
77 98
22 162
130 190
42 77
61 90
80 103
121 141
19 93
79 144
98 157
184 197
10 44
63 136
82 149
101 162
40 152
12 90
31 103
72 104
75 146
116 147
135 160
176 198
28 34
5 50
46 88
10 165
109 144
7 96
40 44
26 109
86 160
70 152
89 165
42 90
61 103
102 104
47 168
19 106
60 107
5 171
146 147
32 45
63 149
51 58
16 37
35 50
21 152
95 101
40 165
53 104
37 96
56 109
157 161
9 34
28 47
88 98
74 163
90 107
169 171
7 109
134 150
67 160
153 163
20 48
39 61
23 53
83 104
28 168
47 181
60 120
5 184
146 160
13 45
104 163
62 166
34 104
20 169
53 117
39 182
56 122
97 123
138 161
157 174
14 125
55 126
8 51
13 166
32 179
11 56
30 69
16 171
71 107
90 120
76 185
150 171
2 7
48 123
134 163
20 61
4 53
23 66
64 67
50 169
69 182
25 112
85 126
145 177
164 190
57 64
2 128
76 77
62 179
122 193
15 67
39 195
59 110
4 174
23 187
138 174
50 61
36 126
55 139
96 177
8 64
113 117
13 179
99 182
118 195
30 82
16 184
57 185
71 120
131 134
29 123
115 126
15 188
175 177
6 139
18 193
92 179
133 180
64 80
105 118
124 131
110 196
3 70
22 83
8 185
108 123
27 198
127 136
25 125
66 126
11 190
85 139
145 190
186 191
57 77
43 142
189 196
15 80
1 145
87 185
59 123
78 136
17 126
36 139
163 180
80 145
99 195
52 83
38 185
112 134
98 199
10 86
175 190
1 37
54 129
133 193
45 80
31 145
91 196
22 96
75 188
66 139
107 140
126 153
24 142
43 155
84 193
1 158
100 137
119 150
12 24
17 139
77 153
163 193
121 196
33 83
19 148
93 97
79 199
10 99
137 140
54 142
73 155
114 156
155 194
26 43
12 145
67 81
31 158
86 94
158 199
70 86
130 137
149 150
47 102
0 27
126 166
5 105
79 91
65 156
82 96
109 199
21 86
40 99
26 164
100 150
14 46
0 148
19 161
93 110
32 100
51 113
137 153
35 105
95 156
114 169
67 94
12 158
53 159
72 172
70 99
56 164
130 150
9 89
14 167
47 115
88 153
129 154
0 40
148 167
5 118
46 156
151 172
44 46
49 161
68 174
21 99
62 100
7 164
81 113
141 164
39 116
125 156
144 169
37 43
83 159
102 172
14 59
41 162
60 175
32 113
44 167
35 118
95 169
7 56
34 159
53 172
139 175
92 100
37 164
111 113
97 178
9 102
50 103
14 180
148 180
27 119
60 67
132 172
25 46
151 185
44 59
30 124
71 162
104 110
2 62
7 177
48 178
103 114
122 127
34 51
20 116
39 129
166 170
4 108
37 56
23 121
83 172
143 186
41 175
13 113
25 167
44 180
57 119
76 132
117 170
136 183
29 57
48 70
34 172
120 175
6 73
37 177
97 191
50 116
36 181
110 130
8 119
27 132
173 186
11 124
30 137
71 175
131 189
2 75
43 76
29 178
84 114
103 127
122 140
87 119
6 194
166 183
4 121
23 134
64 135
105 173
124 186
17 60
143 199
36 73
22 138
96 124
108 178
127 191
8 11
25 180
99 129
85 194
57 132
2 196
43 197
76 145
117 183
29 70
15 135
120 188
161 189
18 140
59 178
17 181
91 130
36 194
110 143
22 30
8 132
173 199
112 189
24 76
43 89
29 191
84 127
115 194
128 133
73 197
45 135
105 186
17 73
58 74
3 138
22 151
149 192
61 79
80 92
66 194
121 130
79 133
24 197
98 146
184 186
10 33
54 76
18 153
59 191
100 192
12 79
31 92
17 194
91 143
3 30
75 135
135 149
33 138
179 192
24 89
65 90
10 154
68 95
54 197
109 133
128 146
147 159
188 197
86 149
58 87
3 151
77 100
130 192
80 105
0 82
19 95
32 34
82 151
35 39
21 141
54 89
12 92
53 93
56 98
9 23
135 162
47 49
33 151
5 52
65 103
51 168
49 95
109 146
26 111
67 149
39 50
70 154
89 167
42 92
83 93
28 157
102 106
47 170
19 108
60 109
5 173
32 47
63 151
51 60
104 152
123 165
35 52
81 168
34 93
53 106
72 119
56 111
116 162
157 163
9 36
14 114
13 155
51 181
16 160
49 108
90 109
169 173
7 111
48 112
153 165
20 50
70 167
111 168
4 42
83 106
28 170
69 171
102 119
41 109
13 47
25 101
44 114
104 165
16 52
2 117
62 168
122 182
34 106
39 184
6 7
37 111
78 112
14 127
96 166
160 181
8 53
13 168
99 171
16 173
35 186
76 187
29 112
20 63
6 128
92 168
111 181
4 55
64 69
50 171
69 184
108 112
41 122
25 114
11 179
85 128
30 192
145 179
38 53
164 192
43 131
76 79
103 182
120 122
6 20
4 176
59 112
78 125
64 190
97 138
138 176
50 63
55 141
96 179
8 66
99 184
118 197
11 71
38 174
71 122
57 187
29 125
115 128
1 26
6 141
133 182
45 69
105 120
50 184
124 133
110 198
3 72
8 187
94 190
127 138
66 128
11 192
85 141
186 193
38 66
24 131
84 182
15 82
1 147
87 187
18 87
4 189
59 125
100 126
77 142
80 147
121 185
140 198
52 85
112 136
10 88
115 141
1 39
54 131
133 195
174 196
45 82
31 147
91 198
3 85
22 98
75 190
33 193
66 141
107 142
126 155
167 193
65 145
84 195
170 198
82 85
68 150
1 160
40 88
119 152
58 142
77 155
163 195
42 134
75 82
61 147
80 160
121 198
33 85
74 86
19 150
93 99
10 101
137 142
54 144
95 145
114 158
155 196
7 32
26 45
86 96
31 160
72 161
70 88
89 101
130 139
149 152
28 91
107 155
148 156
0 29
19 42
46 145
65 158
151 161
21 88
7 153
40 101
81 102
141 153
125 145
58 155
144 158
42 147
102 161
0 150
74 99
19 163
60 164
93 112
32 102
51 115
137 155
95 158
114 171
7 45
26 58
34 148
70 101
28 104
14 169
88 155
129 156
148 169
132 161
151 174
44 48
62 102
141 166
34 40
20 105
39 118
125 158
144 171
23 110
56 58
83 161
55 62
41 164
96 100
60 177
76 121
117 159
136 172
29 46
48 59
120 164
53 174
139 177
92 102
111 115
56 179
97 180
9 104
50 105
14 182
132 174
173 175
25 48
71 164
62 115
20 118
106 121
6 183
39 131
4 110
83 174
124 175
143 188
36 62
55 75
41 177
99 118
44 182
159 169
57 121
2 185
76 134
117 172
48 72
120 177
139 190
18 129
59 167
78 180
92 115
97 193
50 118
36 183
110 132
55 196
3 6
8 121
27 134
113 174
154 175
25 61
30 139
71 177
112 178
131 191
43 78
29 180
115 183
48 193
15 16
1 81
106 134
6 196
45 124
105 175
124 188
17 62
108 180
127 193
168 194
25 182
66 183
80 81
85 196
38 121
10 22
161 191
73 78
18 142
78 193
31 81
17 183
36 196
110 145
3 19
22 32
75 124
94 137
154 188
66 75
52 140
24 78
43 91
84 129
115 196
54 186
87 134
73 199
147 148
45 137
64 150
105 188
17 75
77 89
22 153
108 193
149 194
61 81
121 132
66 196
140 145
79 135
82 140
54 78
40 143
73 91
12 81
31 94
94 150
176 189
52 153
93 154
179 194
46 79
10 156
49 84
109 135
21 22
147 161
188 199
26 100
67 138
86 151
58 89
3 153
70 143
42 81
61 94
47 159
88 197
0 84
19 97
32 36
123 154
35 41
40 156
12 94
53 95
72 108
56 100
9 25
135 164
28 38
47 51
33 153
93 167
5 54
46 92
49 97
68 110
109 148
21 35
7 100
26 113
86 164
9 146
42 94
28 159
47 172
60 111
5 175
13 36
32 49
44 103
63 153
104 154
123 167
16 41
21 156
62 157
95 105
81 170
34 95
53 108
39 173
56 113
97 114
14 116
74 167
27 55
13 157
118 173
30 60
16 162
71 98
90 111
48 114
134 154
153 167
20 52
39 65
92 157
111 170
4 44
23 57
9 159
83 108
69 173
41 111
60 124
13 49
25 103
30 181
145 168
16 54
2 119
20 173
4 165
37 113
23 178
78 114
97 127
36 117
96 168
160 183
8 55
27 68
13 170
99 173
118 186
11 60
71 111
57 176
2 11
48 127
134 167
1 15
6 130
92 170
111 183
152 184
50 173
69 186
110 187
22 74
8 176
108 114
27 189
66 117
11 181
30 194
38 55
57 68
2 132
43 133
103 184
122 197
87 176
106 189
18 76
4 178
59 114
23 191
64 192
17 117
36 130
55 143
96 181
182 184
8 68
99 186
11 73
115 130
15 192
175 181
1 28
73 133
18 197
133 184
152 197
193 198
31 136
50 186
64 84
91 187
8 189
66 130
85 143
126 144
167 182
24 133
43 146
84 184
103 197
170 187
87 189
18 89
59 127
45 192
119 141
58 131
3 195
77 144
163 184
182 197
52 87
38 189
79 190
112 138
10 90
82 195
54 133
73 146
114 147
133 197
174 198
26 34
12 136
3 87
75 192
47 93
33 195
126 157
167 195
19 31
79 82
24 146
63 74
68 152
109 190
21 77
40 90
100 141
141 142
12 28
58 144
144 147
77 157
61 149
0 139
33 87
19 152
10 103
51 104
156 157
21 198
54 146
114 160
7 34
26 47
12 149
53 150
67 85
86 98
70 90
89 103
130 141
28 93
148 158
0 31
19 44
5 109
46 147
63 87
49 152
68 165
7 155
40 103
144 160
102 163
14 50
0 152
74 101
19 165
60 166
93 114
13 91
32 104
51 117
137 157
16 96
35 109
7 47
34 150
53 163
139 166
37 155
56 168
28 106
69 107
14 171
129 158
5 122
151 176
44 50
90 166
62 104
7 168
81 117
34 42
20 107
39 120
125 160
37 47
102 176
143 177
41 166
99 107
32 117
44 171
118 120
16 109
35 122
136 174
48 61
120 166
92 104
78 169
111 117
97 182
129 171
113 163
132 176
173 177
25 50
11 115
44 63
30 128
71 166
131 180
2 66
43 67
20 120
6 185
166 174
185 187
4 112
23 125
105 164
124 177
17 51
36 64
55 77
41 179
96 115
108 169
127 182
25 171
99 120
44 184
85 185
118 133
159 171
38 110
57 123
2 187
76 136
117 174
29 61
15 126
120 179
161 180
18 131
97 195
50 120
36 185
110 134
55 198
3 8
8 123
27 136
154 177
71 179
131 193
24 67
29 182
103 131
15 18
1 83
87 123
106 136
59 61
4 125
105 177
124 190
17 64
3 129
36 77
22 142
108 182
127 195
80 83
85 198
38 123
57 136
98 137
10 24
15 139
142 180
161 193
54 67
73 80
18 144
59 182
100 183
119 196
12 70
31 83
91 134
77 199
3 21
66 77
112 193
24 80
65 81
10 145
115 198
156 199
1 96
87 136
128 137
147 150
45 139
86 140
191 193
3 142
89 145
130 183
149 196
42 70
61 83
107 199
140 147
79 137
184 190
10 37
82 142
101 155
142 193
183 194
40 145
100 196
12 83
31 96
58 199
75 139
116 140
135 153
176 191
33 142
52 155
93 156
5 43
46 81
65 94
10 158
51 159
137 199
68 99
109 137
128 150
21 24
7 89
86 153
58 91
89 158
130 196
28 148
47 161
0 86
19 99
60 100
79 150
32 38
63 142
82 155
123 156
35 43
40 158
34 84
53 97
72 110
56 102
116 153
93 169
46 94
32 159
150 151
7 102
26 115
67 153
153 156
20 41
39 54
70 158
102 110
47 174
0 99
60 113
5 177
146 153
13 38
104 156
164 170
2 108
21 158
34 97
39 175
23 167
97 116
138 154
14 118
55 119
74 169
160 172
27 57
30 62
16 164
71 100
35 177
76 178
90 113
150 164
29 103
153 169
20 54
6 119
39 67
92 159
111 172
4 46
9 161
69 175
41 113
25 105
44 118
85 119
30 183
104 169
145 170
38 44
164 183
2 121
62 172
103 173
122 186
15 60
20 175
39 188
6 11
4 167
18 65
23 180
59 103
97 129
157 180
50 54
55 132
160 185
13 172
99 175
118 188
11 62
76 191
115 119
15 181
48 129
1 17
6 132
18 186
92 172
133 173
4 59
45 60
64 73
50 175
105 111
69 188
110 189
22 76
8 178
127 129
27 191
25 118
66 119
11 183
145 183
43 135
84 173
103 186
122 199
1 138
106 191
18 78
4 180
45 181
59 116
64 194
119 130
17 119
36 132
163 173
96 183
182 186
99 188
140 189
11 75
38 178
112 127
131 140
10 79
15 194
1 30
73 135
18 199
133 186
45 73
31 138
64 86
105 124
3 76
94 194
11 196
126 146
167 184
19 20
186 197
43 148
87 191
100 130
45 194
119 143
12 17
17 132
3 197
77 146
163 186
182 199
61 138
121 189
33 76
52 89
38 191
10 92
73 148
155 187
26 36
12 138
67 74
86 87
158 192
70 79
3 89
89 92
75 194
88 133
33 197
107 146
0 20
167 197
19 33
5 98
46 136
79 84
63 76
49 141
82 89
68 154
109 192
40 92
26 157
141 144
12 30
58 146
42 138
102 152
14 39
0 141
74 90
19 154
93 103
32 93
51 106
156 159
95 149
114 162
26 49
12 151
53 152
67 87
72 165
56 157
89 105
130 143
28 95
129 147
148 160
46 149
132 152
65 162
151 165
49 154
68 167
21 92
62 93
81 106
26 170
141 157
125 149
144 162
42 151
83 152
102 165
14 52
74 103
60 168
13 93
32 106
51 119
16 98
95 162
48 50
34 152
53 165
139 168
6 53
37 157
9 95
28 108
69 109
41 47
27 112
113 152
132 165
151 178
30 117
71 155
90 168
2 55
62 106
74 98
48 171
34 44
39 122
125 162
4 101
37 49
23 114
124 166
96 104
41 168
127 171
60 181
13 106
25 160
44 173
99 109
118 122
2 176
76 125
117 163
136 176
29 50
48 63
139 181
37 170
110 123
8 112
27 125
154 166
11 117
30 130
71 168
90 181
29 171
48 184
122 133
1 72
87 112
6 187
4 114
64 128
105 166
124 179
143 192
36 66
55 79
108 171
99 122
85 187
38 112
57 125
2 189
15 128
18 133
78 184
31 72
17 174
50 122
36 187
91 123
110 136
8 125
154 179
173 192
11 130
52 131
112 182
43 82
1 85
87 125
73 190
106 138
59 63
45 128
58 67
3 131
77 80
22 144
108 184
168 198
61 72
80 85
66 187
121 123
38 125
79 126
10 26
82 131
101 144
142 182
161 195
54 69
73 82
59 184
100 185
119 198
91 136
135 142
33 131
52 144
112 195
24 82
10 147
109 126
54 190
147 152
188 190
12 193
45 141
191 195
58 80
130 185
149 198
42 72
61 85
47 150
80 98
121 136
0 75
19 88
79 139
10 39
63 131
82 144
101 157
142 195
183 196
21 134
54 82
100 198
141 199
12 85
53 86
72 99
56 91
42 193
116 142
135 155
176 193
33 144
179 198
5 45
65 96
51 161
49 88
68 101
109 139
128 152
7 91
70 147
89 160
130 198
171 199
42 85
83 86
28 150
0 88
5 166
63 144
104 145
123 158
16 32
35 45
21 147
95 96
40 160
53 99
39 164
72 112
56 104
116 155
28 42
74 158
160 161
93 171
5 58
46 96
32 161
16 153
49 101
150 153
7 104
48 105
134 145
39 56
70 160
111 161
23 48
9 150
69 164
102 112
41 102
146 155
5 179
25 94
44 107
104 158
123 171
164 172
62 161
81 174
122 175
34 99
39 177
37 104
78 105
23 169
97 118
157 169
14 120
55 121
96 159
160 174
8 46
27 59
13 161
32 174
118 177
71 102
48 118
134 158
20 56
6 121
92 161
152 175
9 163
69 177
41 115
25 107
11 172
44 120
30 185
85 121
145 172
38 46
2 123
62 174
103 175
122 188
15 62
20 177
106 180
6 13
4 169
18 67
138 169
17 108
50 56
96 172
27 72
99 177
118 190
11 64
38 167
112 116
76 193
29 118
115 121
15 183
1 19
73 124
6 134
92 174
152 188
4 61
45 62
64 75
105 113
124 126
110 191
3 65
22 78
94 183
127 131
66 121
11 185
30 198
145 185
38 59
57 72
103 188
15 75
1 140
87 180
106 193
147 194
18 80
4 182
45 183
59 118
64 196
100 119
119 132
3 186
22 199
182 188
80 140
121 178
140 191
52 78
38 180
57 193
98 194
10 81
15 196
101 199
175 185
1 32
54 124
73 137
133 188
45 75
31 140
91 191
177 194
3 78
22 91
94 196
66 134
107 135
52 199
126 148
167 186
19 22
186 199
24 137
84 188
170 191
1 153
40 81
100 132
45 196
86 197
12 19
58 135
3 199
77 148
163 188
42 127
61 140
80 153
121 191
19 143
52 91
79 194
10 94
63 186
82 199
54 137
95 138
7 25
26 38
86 89
72 154
158 194
70 81
89 94
75 196
116 197
130 132
28 84
47 97
33 199
88 135
107 148
0 22
148 149
19 35
5 100
46 138
65 151
63 78
49 143
21 81
40 94
81 95
26 159
67 197
141 146
125 138
58 148
144 151
42 140
61 153
14 41
0 143
93 105
32 95
63 199
51 108
137 148
95 151
114 164
34 141
53 154
70 94
9 84
28 97
47 110
88 148
129 149
148 162
0 35
46 151
151 167
49 156
21 94
62 95
81 108
26 172
125 151
144 164
37 38
23 103
102 167
14 54
0 156
41 157
74 105
60 170
32 108
16 100
35 113
117 152
136 165
29 39
34 154
120 157
139 170
92 95
56 172
9 97
50 98
14 175
129 162
41 49
113 154
132 167
30 119
71 157
90 170
2 57
62 108
7 172
48 173
103 109
20 111
106 114
6 176
39 124
4 103
124 168
143 181
55 68
41 170
96 106
60 183
127 173
13 108
99 111
159 162
57 114
2 178
48 65
120 170
6 68
92 108
78 173
50 111
69 124
110 125
8 114
27 127
113 167
173 181
25 54
11 119
30 132
131 184
24 58
43 71
29 173
84 109
48 186
103 122
1 74
87 114
6 189
166 178
45 117
64 130
124 181
17 55
22 133
25 175
85 189
38 114
2 191
43 192
10 15
15 130
101 133
1 195
142 171
161 184
54 58
18 135
59 173
78 186
119 187
31 74
17 176
91 125
36 189
110 138
3 12
22 25
94 130
154 181
66 68
52 133
112 184
84 122
87 127
31 195
64 143
17 68
58 69
77 82
22 146
108 186
149 187
61 74
80 87
66 189
19 77
38 127
79 128
10 28
82 133
101 146
54 71
40 136
100 187
17 189
58 190
72 88
91 138
75 130
61 195
135 144
176 182
33 133
52 146
93 147
179 187
5 34
46 72
10 149
49 77
128 141
188 192
67 131
12 195
58 82
89 149
130 187
47 152
88 190
121 138
0 77
82 146
40 149
53 88
56 93
42 195
135 157
28 31
0 198
33 146
74 147
93 160
5 47
46 85
32 150
65 98
51 163
35 155
109 141
21 28
7 93
67 144
89 162
9 139
42 87
28 152
83 88
5 168
13 29
63 146
35 47
21 149
62 150
81 163
34 88
53 101
37 93
56 106
97 107
116 157
9 31
160 163
27 48
13 150
118 166
51 176
30 53
90 104
35 168
150 155
7 106
48 107
153 160
172 173
20 45
39 58
92 150
4 37
23 50
9 152
83 101
69 166
41 104
27 169
60 117
146 157
13 42
25 96
44 109
30 174
145 161
164 174
16 47
81 176
122 177
39 179
138 158
157 171
55 123
160 176
8 48
27 61
13 163
99 166
118 179
11 53
71 104
16 168
57 169
90 117
76 182
2 4
29 107
48 120
134 160
20 58
92 163
152 177
4 50
23 63
50 166
69 179
110 180
27 182
66 110
11 174
85 123
30 187
145 174
164 187
2 125
43 126
84 164
122 190
15 64
87 169
106 182
18 69
4 171
59 107
23 184
64 185
78 120
119 121
17 110
36 123
96 174
99 179
140 180
11 66
112 118
76 195
115 123
15 185
73 126
6 136
18 190
133 177
152 190
64 77
50 179
91 180
110 193
3 67
108 120
94 185
66 123
11 187
52 188
85 136
167 175
186 188
38 61
24 126
43 139
84 177
103 190
170 180
189 193
1 142
106 195
147 196
59 120
100 121
45 185
64 198
17 123
3 188
77 137
163 177
182 190
80 142
140 193
52 80
38 182
79 183
112 131
82 188
15 198
54 126
73 139
133 190
174 191
26 27
31 142
91 193
177 196
3 80
47 86
33 188
107 137
0 11
126 150
19 24
170 193
63 67
68 145
1 155
109 183
128 196
21 70
40 83
45 198
86 199
12 21
58 137
42 129
75 77
80 155
121 193
74 81
19 145
93 94
79 196
165 199
10 96
63 188
21 191
54 139
114 153
155 191
7 27
26 40
67 78
31 155
72 156
158 196
70 83
89 96
75 198
130 134
47 99
107 150
148 151
5 102
46 140
151 156
192 194
63 80
49 145
68 158
109 196
21 83
40 96
81 97
67 199
141 148
125 140
102 156
14 43
0 145
74 94
93 107
13 84
32 97
51 110
137 150
16 89
35 102
7 40
34 143
53 156
72 169
37 148
70 96
9 86
28 99
69 100
129 151
148 164
113 143
5 115
132 156
25 30
2 46
7 161
26 174
34 35
20 100
39 113
125 153
37 40
23 105
102 169
143 170
0 158
41 159
55 57
60 172
99 100
44 164
2 167
35 115
117 154
48 54
120 159
139 172
6 57
37 161
56 174
69 113
55 178
8 103
41 51
27 116
113 156
132 169
25 43
44 56
71 159
90 172
29 162
62 110
20 113
106 116
166 167
4 105
23 118
64 119
124 170
143 183
36 57
55 70
96 108
127 175
25 164
44 177
118 126
57 116
76 129
29 54
15 119
120 172
6 70
18 124
59 162
78 175
50 113
91 114
94 119
27 129
154 170
173 183
11 121
30 134
131 186
24 60
29 175
103 124
48 188
115 178
87 116
106 129
6 191
4 118
64 132
105 170
124 183
3 122
108 175
127 188
168 189
25 177
66 178
85 191
38 116
24 181
98 130
43 194
15 132
142 173
1 197
54 60
18 137
59 175
78 188
119 189
12 63
31 76
36 191
110 140
3 14
75 119
94 132
80 197
154 183
33 122
66 70
52 135
131 199
24 73
10 138
84 124
115 191
54 181
87 129
73 194
128 130
45 132
86 133
3 135
89 138
22 148
149 189
42 63
61 76
80 89
121 127
107 192
98 143
10 30
101 148
54 73
100 189
12 76
17 191
58 192
72 90
75 132
61 197
135 146
33 135
52 148
179 189
46 74
65 87
10 151
137 192
49 79
68 92
109 130
26 95
12 197
67 133
86 146
58 84
70 138
89 151
47 154
88 192
0 79
19 92
63 135
82 148
123 149
35 36
21 138
40 151
81 152
34 77
53 90
72 103
37 82
56 95
42 197
116 146
9 20
135 159
28 33
93 162
46 87
51 165
49 92
90 93
35 157
109 143
21 30
7 95
83 90
28 154
102 103
47 167
41 93
60 106
5 170
32 44
44 98
104 149
123 162
35 49
62 152
81 165
34 90
20 155
53 103
39 168
37 95
23 160
97 109
157 160
9 33
74 162
27 50
13 152
32 165
118 168
30 55
16 157
90 106
35 170
76 171
48 109
153 162
20 47
6 112
92 152
111 165
4 39
9 154
83 103
69 168
27 171
13 44
25 98
44 111
30 176
104 162
16 49
62 165
103 166
20 168
106 171
39 181
59 96
78 109
97 122
138 160
157 173
36 112
55 125
96 163
160 178
13 165
99 168
30 68
71 106
57 171
15 174
48 122
6 125
92 165
133 166
4 52
45 53
64 66
69 181
22 69
8 171
108 109
66 112
85 125
30 189
2 127
84 166
103 179
122 192
15 66
1 131
87 171
106 184
59 109
4 173
45 174
119 123
64 187
17 112
36 125
22 190
55 138
96 176
8 63
140 182
11 68
52 69
38 171
57 184
131 133
10 72
175 176
18 192
133 179
152 192
45 66
64 79
105 117
91 182
110 195
3 69
22 82
8 184
75 174
94 187
108 122
52 190
126 139
186 190
24 128
43 141
84 179
170 182
189 195
1 144
40 72
45 187
119 136
58 126
163 179
80 144
140 195
181 196
33 69
52 82
38 184
79 185
98 198
10 85
82 190
54 128
174 193
26 29
12 131
158 185
88 126
33 190
107 139
0 13
126 152
19 26
167 190
5 91
170 195
63 69
68 147
128 198
40 85
26 150
12 23
58 139
42 131
80 157
0 134
19 147
137 139
21 193
95 142
7 29
67 80
86 93
158 198
56 150
89 98
28 88
47 101
129 140
148 153
0 26
46 142
65 155
63 82
49 147
68 160
109 198
21 85
62 86
7 150
81 99
26 163
141 150
39 102
125 142
144 155
83 145
14 45
19 160
60 161
13 86
32 99
51 112
16 91
35 104
95 155
7 42
34 145
53 158
139 161
72 171
56 163
9 88
28 101
69 102
129 153
148 166
27 105
46 155
113 145
132 158
151 171
44 45
49 160
90 161
2 48
62 99
7 163
48 164
81 112
34 37
20 102
39 115
125 155
37 42
23 107
83 158
102 171
96 97
41 161
99 102
44 166
16 104
57 105
29 43
6 59
37 163
78 164
92 99
97 177
111 112
50 102
14 179
27 118
25 45
11 110
71 161
131 175
2 61
84 100
29 164
103 113
48 177
122 126
106 118
6 180
166 169
64 121
124 172
17 46
143 185
36 59
22 124
41 174
96 110
25 166
99 115
44 179
85 180
38 105
57 118
43 183
76 131
117 169
29 56
120 174
59 164
78 177
97 190
17 167
50 115
36 180
8 118
94 121
154 172
52 124
71 174
131 188
24 62
84 113
29 177
73 183
6 193
45 121
105 172
124 185
17 59
58 60
22 137
108 177
66 180
85 193
38 118
79 119
24 183
43 196
10 19
82 124
15 134
142 175
1 199
73 75
18 139
59 177
100 178
119 191
12 65
31 78
91 129
75 121
94 134
33 124
52 137
112 188
65 76
115 193
156 194
109 119
1 91
54 183
73 196
128 132
45 134
86 135
31 199
58 73
149 191
121 129
65 197
98 145
10 32
82 137
142 188
183 189
21 127
100 191
12 78
72 92
58 194
116 135
61 199
135 148
176 186
195 199
74 138
46 76
10 153
51 154
137 194
49 81
68 94
54 196
95 197
109 132
26 97
12 199
67 135
42 78
28 143
47 156
0 81
19 94
46 197
32 33
63 137
104 138
123 151
16 25
35 38
21 140
40 153
34 79
53 92
39 157
37 84
56 97
116 148
74 151
13 141
46 89
32 154
49 94
35 159
7 97
26 110
67 148
20 36
39 49
70 153
111 154
23 41
102 105
60 108
146 148
32 46
44 100
104 151
2 103
62 154
81 167
122 168
34 92
39 170
23 162
157 162
9 35
14 113
96 152
8 39
13 154
99 157
32 167
118 170
30 57
16 159
71 95
150 159
48 111
134 151
6 114
92 154
111 167
4 41
23 54
9 156
50 157
69 170
8 160
25 100
44 113
38 39
2 116
62 167
103 168
122 181
106 173
4 162
78 111
23 175
138 162
36 114
27 65
99 170
118 183
11 57
30 70
38 160
71 108
76 186
29 111
15 176
6 127
92 167
133 168
152 181
4 54
45 55
91 171
110 184
22 71
8 173
27 186
66 114
11 178
85 127
30 191
145 178
38 52
24 117
57 65
43 130
84 168
15 68
87 173
106 186
147 187
18 73
4 175
45 176
59 111
64 189
17 114
36 127
77 128
22 192
163 168
80 133
121 171
140 184
33 58
38 173
112 122
57 186
98 187
10 74
115 127
101 192
175 178
1 25
54 117
18 194
174 182
193 195
45 68
31 133
177 187
110 197
3 71
22 84
75 176
33 179
66 127
107 128
167 179
186 192
24 130
43 143
84 181
1 146
100 125
45 189
86 190
58 128
3 192
61 133
121 184
140 197
33 71
19 136
79 187
51 88
82 192
54 130
114 144
155 182
7 18
174 195
67 69
12 133
31 146
158 187
75 189
33 192
107 141
0 15
19 28
5 93
65 144
63 71
49 136
82 84
68 149
109 187
21 74
40 87
70 195
42 133
61 146
102 147
0 136
74 85
19 149
93 98
32 88
63 192
51 101
137 141
35 93
114 157
155 195
67 82
12 146
72 160
70 87
28 90
14 155
47 103
88 141
129 142
0 28
132 147
65 157
151 160
192 198
49 149
68 162
7 152
141 152
20 91
39 104
125 144
144 157
23 96
9 198
83 147
14 47
0 149
41 150
60 163
