# family=hard seed=0
200 12196
44 155
35 106
76 107
95 157
136 158
34 147
53 160
139 163
6 48
56 165
9 90
50 91
69 104
129 155
113 147
132 160
25 34
90 163
62 101
7 165
48 166
20 104
39 117
23 109
143 174
41 163
127 166
60 176
25 155
99 104
44 168
16 106
57 107
2 171
76 120
48 58
34 160
139 176
92 101
37 165
97 179
50 104
36 169
69 117
110 118
27 120
113 160
154 161
25 47
11 112
30 125
71 163
90 176
131 177
43 64
84 102
103 115
48 179
122 128
87 107
106 120
6 182
166 171
45 110
105 161
124 174
17 48
36 61
22 126
108 166
66 169
15 123
1 188
120 176
18 128
59 166
31 67
110 131
55 195
3 5
8 120
94 123
173 187
11 125
24 64
43 77
29 179
115 182
87 120
73 185
45 123
31 188
105 174
3 126
22 139
61 67
126 196
38 120
24 185
98 134
101 139
161 190
54 64
40 129
73 77
100 180
119 193
31 80
17 182
58 183
77 196
75 123
135 137
33 126
52 139
112 190
10 142
115 195
156 196
54 185
128 134
73 198
26 86
12 188
67 124
58 75
3 139
70 129
89 142
130 180
42 67
61 80
47 145
80 93
88 183
107 196
0 70
121 131
65 199
82 139
123 140
142 190
40 142
12 80
53 81
58 196
144 199
56 86
42 188
135 150
176 188
0 191
93 153
179 193
46 78
32 143
51 156
68 96
54 198
95 199
109 134
7 86
26 99
67 137
9 132
42 80
28 145
0 83
19 96
46 199
13 22
32 35
63 139
21 142
62 143
81 156
34 81
53 94
39 159
72 107
116 150
9 24
28 37
27 41
32 156
118 159
51 169
30 46
16 148
90 97
35 161
48 100
20 38
111 156
4 30
23 43
9 145
83 94
28 158
69 159
146 150
44 102
2 105
62 156
81 169
122 170
39 172
37 99
78 100
23 164
138 151
157 164
55 116
96 154
8 41
99 159
118 172
11 46
30 59
71 97
90 110
48 113
111 169
152 170
4 43
23 56
50 159
69 172
110 173
8 162
41 110
27 175
11 167
44 115
30 180
38 41
164 180
103 170
20 172
106 175
18 62
23 177
138 164
17 103
50 51
55 129
96 167
8 54
99 172
140 173
38 162
57 175
29 113
115 116
15 178
1 14
73 119
152 183
45 57
64 70
91 173
110 186
108 113
8 175
66 116
11 180
85 129
38 54
43 132
84 170
103 183
15 70
87 175
106 188
147 189
119 127
64 191
17 116
163 170
22 194
182 183
80 135
79 176
115 129
15 191
73 132
18 196
133 183
174 184
12 122
91 186
3 73
75 178
94 191
33 181
66 129
52 194
0 4
107 130
126 143
186 194
24 132
65 133
10 197
170 186
189 199
100 127
45 191
86 192
58 130
3 194
163 183
42 122
80 148
121 186
33 73
19 138
165 192
10 89
51 90
82 194
54 132
95 133
40 197
114 146
155 184
7 20
26 33
12 135
31 148
70 76
116 192
28 79
47 92
33 194
88 130
0 17
19 30
5 95
46 133
49 138
109 189
21 76
7 141
40 89
26 154
81 90
39 93
125 133
144 146
42 135
61 148
102 149
19 151
93 100
32 90
51 103
104 195
137 143
21 197
114 159
155 197
34 136
72 162
37 141
56 154
28 92
14 157
88 143
132 149
90 152
2 39
62 90
7 154
81 103
134 195
20 93
39 106
125 146
144 159
23 98
14 49
60 165
32 103
2 160
35 108
76 109
117 147
34 149
120 152
53 162
6 50
37 154
56 167
9 92
50 93
69 106
55 171
129 157
41 44
27 109
132 162
30 114
90 165
2 52
29 155
62 103
48 168
103 104
106 109
4 98
23 111
64 112
83 162
143 176
36 50
96 101
41 165
127 168
99 106
85 171
38 96
57 109
2 173
76 122
117 160
136 173
29 47
15 112
120 165
139 178
6 63
59 155
97 181
110 120
55 184
8 109
113 162
154 163
173 176
11 114
30 127
71 165
131 179
103 117
48 181
6 184
166 173
4 111
64 125
105 163
124 176
3 115
36 63
22 128
108 168
168 182
25 170
66 171
43 187
15 125
161 179
18 130
78 181
119 182
31 69
17 171
77 185
110 133
3 7
80 190
112 179
131 192
24 66
10 131
43 79
84 117
87 122
73 187
45 125
22 141
108 181
149 182
168 195
61 69
107 185
126 198
19 72
79 123
98 136
10 23
63 115
82 128
101 141
161 192
54 66
31 82
17 184
58 185
72 83
77 198
75 125
116 126
61 190
19 193
52 141
179 182
5 29
46 67
65 80
137 185
156 198
49 72
68 85
54 187
128 136
86 139
58 77
70 131
89 144
130 182
149 195
47 147
0 72
19 85
5 150
46 188
79 136
49 193
82 141
21 131
40 144
100 195
141 196
12 82
53 83
42 190
116 139
135 152
176 190
0 193
179 195
51 158
137 198
35 150
109 136
21 23
67 139
20 27
111 145
130 195
171 196
28 147
47 160
60 99
5 163
13 24
32 37
104 142
16 29
21 144
62 145
81 158
34 83
53 96
39 161
97 102
138 140
9 26
14 104
74 155
27 43
13 145
51 171
30 48
71 86
90 99
35 163
7 101
134 142
153 155
20 40
6 105
39 53
92 145
4 32
23 45
9 147
50 148
69 161
60 112
44 104
104 155
145 156
16 42
2 107
62 158
103 159
122 172
15 46
34 96
20 161
18 51
37 101
78 102
97 115
96 156
160 171
27 56
13 158
118 174
30 61
90 112
76 177
48 115
134 155
1 3
152 172
110 175
8 164
25 104
66 105
11 169
85 118
30 182
84 159
122 185
15 59
1 124
87 164
106 177
18 64
4 166
59 102
78 115
64 180
17 105
22 183
96 169
99 174
140 175
11 61
52 62
38 164
112 113
10 65
115 118
15 180
1 16
73 121
18 185
133 172
45 59
105 110
110 188
3 62
22 75
8 177
108 115
11 182
52 183
85 131
126 132
43 134
170 175
87 177
40 65
59 115
100 116
45 180
119 129
64 193
58 119
3 183
77 132
22 196
163 172
182 185
61 124
121 175
181 189
52 75
112 126
98 191
10 78
82 183
15 193
101 196
115 131
73 134
18 198
155 173
174 186
12 124
177 191
135 194
47 81
88 119
107 132
52 196
0 6
126 145
24 134
170 188
68 140
21 65
40 78
86 194
12 16
58 132
77 145
42 124
80 150
121 188
162 189
0 127
74 76
79 191
165 194
51 92
82 196
54 134
95 135
40 199
155 186
7 22
174 199
26 35
12 137
53 138
67 73
72 151
70 78
56 143
116 194
9 68
47 94
33 196
74 197
107 145
0 19
5 97
65 148
63 75
49 140
68 153
150 192
21 78
62 79
81 92
26 156
67 194
141 143
39 95
70 199
125 135
144 148
42 137
83 138
102 151
14 38
74 89
19 153
60 154
13 79
32 92
63 196
51 105
137 145
21 199
7 35
34 138
53 151
180 192
72 164
37 143
56 156
28 94
69 95
129 146
148 159
113 138
151 164
49 153
90 154
2 41
62 92
48 157
81 105
134 197
20 95
39 108
125 148
4 87
102 164
41 154
60 167
57 98
76 111
117 149
29 36
120 154
139 167
6 52
37 156
97 170
50 95
69 108
14 172
113 151
11 103
44 51
30 116
71 154
90 167
43 55
29 157
87 98
20 108
6 173
23 113
105 152
124 165
143 178
55 65
96 103
127 170
25 159
99 108
85 173
38 98
57 111
2 175
43 176
76 124
117 162
29 49
15 114
78 170
97 183
17 160
50 108
110 122
11 116
71 167
112 168
43 68
29 170
84 106
115 173
87 111
6 186
45 114
64 127
105 165
3 117
108 170
66 173
126 187
38 111
98 125
82 117
15 127
1 192
161 181
54 55
59 170
119 184
12 58
31 71
17 173
91 122
3 9
75 114
94 127
80 192
33 117
52 130
24 68
65 69
10 133
115 186
156 187
68 74
1 84
54 176
73 189
109 112
86 128
31 192
58 66
3 130
22 143
149 184
61 71
80 84
66 186
107 187
121 122
19 74
79 125
24 189
65 190
98 138
10 25
63 117
21 120
40 133
100 184
119 197
72 85
58 187
42 179
75 127
61 192
135 141
176 179
19 195
93 144
5 31
46 69
65 82
51 147
137 187
109 125
95 190
128 138
7 77
26 90
12 192
86 141
70 133
89 146
130 184
149 197
42 71
28 136
61 84
47 149
88 187
0 74
19 87
60 88
46 190
63 130
49 195
16 18
183 195
21 133
7 198
81 147
72 98
37 77
42 192
116 141
14 93
93 157
179 197
5 44
32 147
51 160
49 87
7 90
26 103
67 141
39 42
111 147
171 198
23 34
9 136
83 85
28 149
0 87
41 88
60 101
5 165
32 39
104 144
123 157
2 96
62 147
34 85
20 150
53 98
39 163
23 155
97 104
9 28
96 145
13 147
32 160
118 163
11 37
29 91
134 144
153 157
6 107
111 160
4 34
23 47
50 150
44 106
85 107
30 171
145 158
15 48
20 163
106 166
59 91
23 168
138 155
36 107
96 158
8 45
99 163
118 176
11 50
71 101
16 165
76 179
29 104
15 169
1 5
18 174
92 160
133 161
45 48
69 176
110 177
3 51
22 64
8 166
27 179
66 107
11 171
85 120
30 184
145 171
24 110
57 58
43 123
84 161
103 174
1 126
106 179
18 66
4 168
59 104
78 117
64 182
36 120
22 185
121 164
140 177
33 51
52 64
57 179
98 180
10 67
115 120
15 182
101 185
1 18
54 110
174 175
45 61
91 177
110 190
3 64
22 77
8 179
75 169
108 117
66 120
126 134
10 188
43 136
170 177
87 179
128 180
40 67
100 118
119 131
64 195
58 121
3 185
77 134
22 198
163 174
61 126
80 139
121 177
181 191
33 64
52 77
98 193
10 80
101 198
40 188
73 136
114 137
155 175
174 188
12 126
31 139
158 180
177 193
94 195
47 83
33 185
0 8
126 147
19 21
46 124
65 137
63 64
109 180
40 80
67 183
100 131
86 196
58 134
42 126
61 139
102 140
14 27
74 78
19 142
51 94
35 86
21 188
95 137
114 150
155 188
26 37
53 140
72 153
70 80
56 145
130 131
116 196
9 70
28 83
14 148
33 198
47 96
74 199
0 21
46 137
132 140
65 150
151 153
68 155
109 193
150 194
21 80
62 81
67 196
141 145
153 199
20 84
9 191
42 139
83 140
102 153
14 40
0 142
74 91
13 81
32 94
44 148
63 198
16 86
35 99
95 150
7 37
34 140
53 153
180 194
6 41
37 145
56 158
97 159
9 83
50 84
69 97
14 161
129 148
148 161
27 100
113 140
132 153
71 143
2 43
7 158
20 97
6 162
4 89
23 102
83 153
124 154
143 167
36 41
13 94
25 148
44 161
16 99
57 100
2 164
76 113
117 151
48 51
139 169
92 94
37 158
97 172
50 97
36 162
69 110
110 111
8 100
113 153
25 40
90 169
131 170
2 56
43 57
29 159
48 172
87 100
6 175
4 102
105 154
17 41
22 119
25 161
85 175
38 100
57 113
2 177
117 164
29 51
120 169
161 170
18 121
59 159
119 173
110 124
94 116
154 167
173 180
52 119
131 183
24 57
43 70
84 108
1 73
31 181
64 129
105 167
17 54
149 173
168 186
38 113
24 178
98 127
43 191
101 132
1 194
142 170
54 57
100 173
91 124
3 11
75 116
61 181
94 129
80 194
112 183
24 70
65 71
10 135
54 178
73 191
114 192
26 79
12 181
67 117
31 194
58 68
3 132
77 81
89 135
130 173
149 186
168 199
61 73
47 138
80 86
107 189
0 63
24 191
63 119
82 132
142 183
54 70
40 135
141 187
12 73
72 87
58 189
42 181
116 130
61 194
135 143
74 133
19 197
179 186
198 199
10 148
109 127
95 192
67 130
70 135
89 148
130 186
28 138
47 151
0 76
19 89
5 154
13 15
63 132
49 197
123 146
183 197
21 135
40 148
34 74
53 87
39 152
37 79
56 92
83 195
28 30
0 197
74 146
93 159
27 34
13 136
51 162
30 39
49 89
34 195
39 44
111 149
83 87
28 151
69 152
41 90
5 167
13 28
44 95
145 147
39 165
37 92
138 144
160 162
8 34
27 47
13 149
99 152
32 162
118 165
11 39
71 90
16 154
90 103
35 167
20 44
92 149
111 162
152 163
4 36
23 49
50 152
8 155
25 95
11 160
44 108
30 173
85 109
145 160
164 173
2 111
43 112
103 163
15 50
20 165
106 168
64 171
97 119
138 157
17 96
36 109
96 160
118 178
11 52
71 103
57 168
76 181
133 163
152 176
45 50
110 179
94 171
66 109
30 186
38 47
24 112
43 125
84 163
103 176
15 63
87 168
106 181
147 182
59 106
4 170
45 171
100 107
64 184
119 120
17 109
3 174
22 187
80 128
121 166
140 179
52 66
38 168
112 117
57 181
10 69
115 122
15 184
101 187
1 20
54 112
73 125
18 189
133 176
45 63
91 179
75 171
94 184
66 122
107 123
52 187
167 174
65 126
10 190
68 131
87 181
128 182
21 56
147 195
40 69
100 120
86 185
119 133
77 136
163 176
61 128
80 141
121 179
33 66
19 131
79 182
98 195
10 82
51 83
63 174
54 125
95 126
114 139
155 177
7 13
174 190
12 128
31 141
72 142
158 182
177 195
75 184
116 185
135 198
28 72
47 85
33 187
88 123
107 136
19 23
5 88
63 66
68 144
109 182
128 195
21 69
7 134
40 82
26 147
67 185
86 198
125 126
58 136
42 128
28 193
102 142
162 193
74 80
19 144
60 145
79 195
146 185
165 198
13 70
32 83
51 96
35 88
21 190
95 139
7 26
26 39
72 155
37 134
70 82
56 147
116 198
148 150
0 23
5 101
46 139
151 155
192 193
49 144
90 145
150 196
2 32
81 96
26 160
67 198
20 86
39 99
125 139
144 152
23 91
9 193
102 155
143 156
14 42
0 144
13 83
16 88
35 101
136 153
34 142
6 43
56 160
9 85
69 99
14 163
27 102
25 29
30 107
90 158
2 45
29 148
62 96
20 99
23 104
83 155
124 156
143 169
41 158
57 102
2 166
76 115
117 153
136 166
15 105
120 158
18 110
92 96
78 161
36 164
110 113
55 177
113 155
154 156
25 42
11 107
71 158
24 46
84 97
29 161
103 110
48 174
115 164
1 62
87 102
106 115
6 177
4 104
45 105
64 118
105 156
124 169
17 43
36 56
127 174
168 175
25 163
66 164
85 177
24 167
43 180
15 118
101 121
1 183
142 159
161 172
18 123
59 161
119 175
31 62
91 113
36 177
77 178
110 126
75 105
154 169
11 120
52 121
112 172
131 185
24 59
84 110
87 115
45 118
105 169
17 56
149 175
168 188
61 62
66 177
79 116
24 180
98 129
43 193
10 16
82 121
142 172
161 185
54 59
119 188
12 62
17 177
58 178
72 76
77 191
61 183
33 121
52 134
93 135
65 73
49 65
68 78
54 180
109 116
73 193
26 81
67 119
86 132
31 196
58 70
3 134
70 124
89 137
130 175
42 62
61 75
47 140
88 178
0 65
19 78
46 181
65 194
63 121
49 186
82 134
68 199
183 186
21 124
40 137
12 75
53 76
72 89
58 191
144 194
56 81
116 132
102 197
135 145
176 183
0 186
74 135
93 148
179 188
5 35
46 73
65 86
51 151
109 129
95 194
67 132
12 196
130 188
42 75
28 140
47 153
88 191
0 78
41 79
60 92
5 156
132 197
13 17
44 84
123 148
183 199
21 137
62 138
81 151
34 76
53 89
39 154
125 194
56 94
9 19
14 97
0 199
13 138
32 151
118 154
51 164
71 79
90 92
7 94
134 135
34 197
39 46
4 25
23 38
9 140
69 154
27 157
60 105
113 197
13 30
44 97
104 148
16 35
2 100
62 151
81 164
122 165
34 89
78 95
138 146
55 111
96 149
160 164
8 36
27 49
118 167
71 92
16 156
57 157
90 105
134 148
92 151
111 164
4 38
50 154
8 157
25 97
66 98
85 111
30 175
145 162
2 113
43 114
103 165
122 178
15 52
1 117
20 167
87 157
106 170
59 95
78 108
23 172
64 173
17 98
96 162
8 49
140 168
11 54
57 170
76 183
15 173
1 9
73 114
18 178
133 165
152 178
64 65
110 181
22 68
8 170
94 173
11 175
85 124
24 114
43 127
84 165
106 183
59 108
100 109
58 112
3 176
77 125
163 165
61 117
121 168
33 55
98 184
10 71
115 124
15 186
101 189
54 114
114 128
3 68
75 173
94 186
135 187
47 74
126 138
167 176
24 127
170 181
68 133
128 184
21 58
40 71
100 122
45 186
58 125
3 189
77 138
89 192
42 117
181 195
33 68
19 133
10 84
51 85
63 176
82 189
21 179
54 127
95 128
114 141
155 179
12 130
53 131
177 197
70 71
28 74
47 87
74 190
0 12
19 25
5 90
46 128
65 141
63 68
49 133
68 146
128 197
169 198
21 71
62 72
81 85
70 192
42 130
13 72
63 189
137 138
16 77
35 90
7 28
34 131
139 147
72 157
158 197
28 87
14 152
129 139
148 152
5 103
13 193
46 141
151 157
192 195
16 198
90 147
2 34
62 85
134 190
39 101
23 93
9 195
102 157
143 158
60 160
25 139
35 103
76 104
117 142
136 155
34 144
139 160
180 198
37 149
78 150
14 165
55 166
129 152
8 91
113 144
71 147
90 160
131 161
2 47
43 48
29 150
48 163
20 101
23 106
64 107
105 145
124 158
17 32
41 160
127 163
25 152
99 101
85 166
76 117
15 107
18 112
50 101
55 179
94 107
27 117
154 158
30 122
71 160
112 161
131 174
24 48
84 99
103 112
115 166
1 64
73 169
6 179
106 117
4 106
45 107
64 120
124 171
3 110
36 58
108 163
66 166
85 179
126 180
38 104
57 117
98 118
43 182
119 177
17 166
91 115
36 179
77 180
75 107
94 120
154 171
10 126
54 169
73 182
45 120
58 59
130 164
22 136
149 177
42 51
61 64
107 180
126 193
19 67
79 118
24 182
63 110
82 123
101 136
1 198
142 174
54 61
119 190
77 193
42 172
116 121
61 185
33 123
19 188
52 136
5 24
46 62
10 139
51 140
137 180
156 193
49 67
68 80
95 183
128 131
114 196
7 70
26 83
12 185
67 121
31 198
72 199
86 134
70 126
130 177
190 191
42 64
28 129
0 67
19 80
46 183
65 196
151 199
63 123
49 188
123 137
183 188
21 126
40 139
81 140
53 78
72 91
58 193
125 183
37 70
56 83
42 185
116 134
102 199
135 147
14 86
0 188
74 137
93 150
179 190
5 37
46 75
32 140
51 153
137 193
49 80
35 145
95 196
7 83
53 199
20 22
70 139
111 140
171 191
28 142
129 194
0 80
41 81
60 94
5 158
46 196
132 199
13 19
123 150
2 89
21 139
35 37
62 140
34 78
53 91
37 83
56 96
83 199
9 21
14 99
55 100
27 38
13 140
32 153
71 81
90 94
35 158
76 159
48 97
34 199
92 140
4 27
23 40
50 143
83 91
41 94
27 159
113 199
85 100
2 102
62 153
103 154
122 167
15 41
20 156
106 159
39 169
18 46
4 148
59 84
23 161
97 110
36 100
160 166
13 153
99 156
118 169
30 56
71 94
57 159
15 162
18 167
92 153
133 154
4 40
50 156
22 57
8 159
30 177
145 164
122 180
1 119
106 172
18 59
4 161
64 175
36 113
77 114
80 119
99 169
140 170
38 159
10 60
101 178
1 11
54 103
18 180
45 54
31 119
110 183
3 57
22 70
8 172
75 162
108 110
66 113
43 129
87 172
147 186
119 124
64 188
17 113
58 114
3 178
77 127
22 191
163 167
80 132
140 183
33 57
52 70
38 172
79 173
98 186
10 73
54 116
40 181
73 129
114 130
193 194
72 133
91 183
75 175
135 189
88 114
33 178
107 127
0 1
167 178
46 117
170 183
68 135
109 173
128 186
21 60
147 199
26 138
86 189
70 181
89 194
42 119
102 133
47 197
121 183
162 184
14 20
0 122
19 135
32 74
82 191
35 79
21 181
40 194
114 143
155 181
174 194
26 30
12 132
53 133
67 68
72 146
177 199
56 138
116 189
88 127
33 191
74 192
0 14
32 195
65 143
49 135
109 186
150 187
7 138
81 87
26 151
67 189
153 192
125 130
9 184
42 132
83 133
102 146
74 84
146 189
32 87
63 191
51 100
104 192
16 79
35 92
62 195
95 143
136 144
34 133
180 187
6 34
56 151
9 76
69 90
148 154
113 133
132 146
151 159
192 197
30 98
71 136
90 149
62 87
48 152
125 143
4 82
23 95
9 197
83 146
124 147
143 160
41 149
60 162
25 141
16 92
57 93
2 157
29 31
34 146
78 152
97 165
50 90
55 168
8 93
27 106
25 33
11 98
71 149
131 163
43 50
84 88
48 165
1 53
20 103
87 93
105 147
124 160
17 34
36 47
22 112
55 60
96 98
108 152
127 165
25 154
66 155
99 103
85 168
57 106
43 171
76 119
117 157
59 152
119 166
31 53
91 104
110 117
8 106
94 109
154 160
52 112
112 163
131 176
24 50
84 101
29 165
115 168
106 119
6 181
45 109
105 160
3 112
22 125
108 165
149 166
168 179
126 182
38 106
79 107
43 184
15 122
161 176
59 165
119 179
12 53
17 168
91 117
3 4
94 122
33 112
115 181
156 182
54 171
12 174
45 122
58 61
89 128
149 179
168 192
47 131
88 169
107 182
0 56
19 69
24 184
65 185
98 133
63 112
82 125
68 190
101 138
54 63
100 179
141 180
12 66
53 67
72 80
58 182
77 195
56 72
75 122
116 123
61 187
33 125
74 126
93 139
5 26
46 64
10 141
51 142
156 195
49 69
68 82
109 120
114 198
7 72
12 187
86 136
70 128
130 179
171 180
42 66
47 144
107 195
19 82
60 83
5 147
46 185
104 126
49 190
7 193
40 141
81 142
39 145
144 198
37 72
42 187
116 136
9 10
14 88
0 190
74 139
93 152
5 39
13 129
32 142
51 155
137 195
178 196
16 134
49 82
35 147
95 198
48 86
67 136
20 24
37 193
70 141
111 142
9 131
28 144
69 145
129 196
41 83
113 188
13 21
25 75
44 88
104 139
123 152
2 91
81 155
34 80
125 198
166 199
37 85
78 86
14 101
55 102
96 140
27 40
99 145
32 155
118 158
159 196
11 32
35 160
76 161
29 86
48 99
134 139
20 37
6 102
92 142
152 156
4 29
23 42
196 199
27 161
25 88
11 153
44 101
164 166
2 104
43 105
62 155
103 156
122 169
15 43
106 161
78 99
23 163
64 164
138 150
17 89
36 102
55 115
8 40
27 53
99 158
118 171
30 58
38 148
57 161
29 99
15 164
73 105
6 115
92 155
133 156
152 169
91 159
110 172
3 46
8 161
94 164
11 166
85 115
30 179
145 166
24 105
43 118
84 156
103 169
15 56
1 121
87 161
59 99
64 177
3 167
36 115
77 116
80 121
33 46
38 161
10 62
15 177
1 13
54 105
73 118
18 182
133 169
12 108
31 121
91 172
110 185
22 72
75 164
94 177
33 167
66 115
52 180
107 116
126 129
24 118
84 169
170 172
128 175
147 188
40 62
3 180
89 183
163 169
42 108
61 121
80 134
121 172
181 186
52 72
79 175
63 167
82 180
95 119
40 183
174 183
193 196
31 134
72 135
177 188
75 177
116 178
33 180
0 3
93 194
167 180
46 119
65 132
51 197
68 137
109 175
21 62
40 75
67 178
172 194
58 129
70 183
42 121
28 186
61 134
0 124
19 137
79 188
51 89
123 194
35 81
95 132
155 183
7 19
26 32
34 122
53 135
67 70
158 188
56 140
9 65
28 78
14 143
129 130
74 194
5 94
46 132
32 197
49 137
90 138
109 188
150 189
2 25
21 75
62 76
7 140
81 89
67 191
39 92
70 196
125 132
9 186
83 135
28 199
102 148
143 149
14 35
44 143
104 194
16 81
35 94
117 133
62 197
136 146
34 135
120 138
53 148
139 151
180 189
6 36
37 140
56 153
97 154
9 78
69 92
14 156
129 143
27 95
13 197
113 135
132 148
192 199
30 100
90 151
2 38
48 154
134 194
20 92
92 197
9 199
83 148
41 151
127 154
25 143
44 156
16 94
57 95
2 159
117 146
136 159
15 98
120 151
6 49
18 103
59 141
97 167
50 92
36 157
69 105
55 170
27 108
11 100
30 113
112 152
43 52
48 167
1 55
87 95
6 170
4 97
17 36
36 49
22 114
25 156
57 108
15 111
142 152
161 165
18 116
59 154
78 167
119 168
31 55
17 157
36 170
110 119
75 98
94 111
154 162
11 113
112 165
131 178
24 52
10 117
43 65
84 103
115 170
87 108
45 111
31 176
64 124
105 162
168 181
19 58
38 108
79 109
24 173
43 186
142 165
1 189
161 178
100 168
119 181
31 68
17 170
58 171
91 119
77 184
75 111
80 189
33 114
52 127
93 128
137 171
156 184
49 58
54 173
73 186
114 187
26 74
12 176
86 125
31 189
58 63
3 127
89 130
149 181
42 55
61 68
107 184
79 122
24 186
63 114
82 127
21 117
40 130
26 195
12 68
72 82
144 187
56 74
42 176
93 141
179 181
5 28
46 66
32 131
65 79
51 144
137 184
197 198
49 71
35 136
68 84
95 187
109 122
26 87
12 189
53 190
67 125
70 130
89 143
130 181
9 120
42 68
28 133
47 146
129 185
41 72
44 77
49 192
123 141
21 130
81 144
53 82
39 147
37 74
56 87
116 138
9 12
0 192
74 141
118 147
159 185
178 198
30 34
71 72
35 149
34 190
20 26
92 131
23 31
9 133
69 147
13 23
25 77
44 90
30 155
104 141
16 28
2 93
62 144
81 157
122 158
34 82
20 147
39 160
23 152
138 139
36 91
55 104
8 29
27 42
13 144
29 88
48 101
6 104
92 144
4 31
23 44
110 161
22 48
8 150
27 163
25 90
85 104
30 168
164 168
2 106
43 107
84 145
103 158
122 171
87 150
20 160
106 163
18 50
4 152
23 165
64 166
138 152
17 91
36 104
22 169
8 42
140 161
11 47
38 150
57 163
76 176
29 101
73 107
18 171
133 158
110 174
11 168
52 169
85 117
38 42
24 107
43 120
84 158
103 171
87 163
106 176
147 177
100 102
45 166
64 179
17 104
58 105
3 169
77 118
61 110
80 123
121 161
52 61
38 163
98 177
10 64
15 179
101 182
54 107
114 121
133 171
31 123
3 61
75 166
135 180
33 169
52 182
126 131
167 169
24 120
65 121
10 185
170 174
109 164
128 177
21 51
147 190
40 64
100 115
45 179
86 180
58 118
89 185
163 171
42 110
61 123
80 136
121 174
162 175
165 180
10 77
63 169
54 120
40 185
155 172
7 8
174 185
12 123
72 137
158 177
177 190
116 180
135 193
28 67
47 80
88 118
93 196
5 83
65 134
10 198
109 177
128 190
169 191
21 64
7 129
40 77
67 180
172 196
70 185
89 198
83 124
28 188
102 137
0 126
74 75
19 139
60 140
146 180
165 193
13 65
32 78
63 182
123 196
21 185
95 134
81 199
7 21
34 124
53 137
72 150
70 77
56 142
116 193
157 194
9 67
69 81
129 132
74 196
160 199
5 96
46 134
132 137
49 139
2 27
62 78
7 142
81 91
26 155
134 183
153 196
125 134
23 86
9 188
14 37
41 140
187 194
32 91
44 145
104 196
16 83
2 148
62 199
34 137
120 140
139 153
180 191
6 38
37 142
56 155
97 156
138 194
50 81
69 94
14 158
96 197
129 145
8 84
113 137
13 199
132 150
30 102
71 140
29 143
62 91
48 156
20 94
4 86
23 99
64 100
108 143
41 153
25 145
44 158
2 161
29 35
120 153
6 51
97 169
50 94
91 95
55 172
8 97
27 110
30 115
131 167
43 54
84 92
103 105
48 169
1 57
87 97
106 110
6 172
4 99
45 100
124 164
17 38
3 103
36 51
127 169
85 172
38 97
24 162
57 110
15 113
101 116
1 178
161 167
18 118
12 44
31 57
17 159
91 108
77 173
75 100
94 113
80 178
33 103
52 116
112 167
24 54
10 119
54 162
73 175
31 178
3 116
89 119
149 170
66 172
107 173
79 111
24 175
43 188
63 103
82 116
100 170
119 183
31 70
17 172
77 186
75 113
61 178
19 181
52 129
65 68
10 132
51 133
137 173
156 186
49 60
68 73
54 175
109 111
73 188
7 63
12 178
72 192
70 119
89 132
130 170
149 183
47 135
88 173
107 186
126 199
19 73
60 74
5 138
46 176
79 124
63 116
82 129
123 130
68 194
21 119
26 197
34 58
53 71
72 84
58 186
37 63
116 127
102 192
93 143
46 68
32 133
51 146
49 73
35 138
95 189
7 76
26 89
12 191
53 192
111 133
9 122
28 135
129 187
0 73
41 74
5 151
132 192
104 130
49 194
123 143
16 17
21 132
7 197
141 197
53 84
125 189
37 76
23 141
42 191
56 89
83 192
0 194
32 146
118 149
159 187
71 74
16 138
76 152
29 77
39 41
92 133
111 146
4 20
171 197
23 33
9 135
83 84
113 192
25 79
44 92
85 93
16 30
62 146
103 147
122 160
18 39
4 141
59 77
23 154
97 103
36 93
55 106
96 144
8 31
13 146
99 149
118 162
71 87
57 152
29 90
48 103
6 106
18 160
92 146
133 147
152 160
50 149
8 152
85 106
30 170
43 109
84 147
15 47
1 112
87 152
45 155
64 168
22 171
96 157
8 44
99 162
11 49
38 152
98 166
10 53
1 4
54 96
152 173
31 112
91 163
110 176
3 50
22 63
8 165
66 106
11 170
24 109
84 160
87 165
100 104
64 181
17 106
3 171
77 120
121 163
140 176
33 50
10 66
54 109
73 122
114 123
155 161
12 112
91 176
177 179
3 63
94 181
135 182
88 107
33 171
107 120
52 184
93 185
126 133
167 171
5 72
10 187
170 176
68 128
128 179
21 53
40 66
26 131
67 169
86 182
58 120
3 184
70 174
42 112
61 125
80 138
121 176
162 177
181 190
0 115
19 128
79 179
63 171
82 184
123 185
35 72
21 174
95 123
40 187
114 136
7 10
174 187
12 125
158 179
56 131
135 195
28 69
47 82
33 184
74 185
88 120
0 7
93 198
32 188
65 136
49 128
169 193
21 66
62 67
153 185
86 195
172 198
70 187
42 125
83 126
0 128
74 77
146 182
165 195
13 67
32 80
123 198
21 187
62 188
136 137
7 23
34 126
53 139
72 152
6 27
56 144
116 195
157 196
9 69
69 83
129 134
74 198
27 86
13 188
132 139
90 142
150 193
2 29
48 145
81 93
134 185
153 198
39 96
125 136
23 88
143 153
41 142
60 155
146 195
13 80
104 198
145 199
76 99
117 137
136 150
34 139
180 193
37 144
50 83
14 160
55 161
96 199
113 139
25 26
30 104
90 155
131 156
2 42
29 145
48 158
175 199
20 96
6 161
4 88
64 102
17 27
143 166
36 40
22 105
41 155
127 158
85 161
2 163
43 164
76 112
117 150
120 155
59 145
31 46
17 148
36 161
52 105
131 169
24 43
43 56
29 158
115 161
1 59
87 99
73 164
6 174
45 102
105 153
3 105
108 158
66 161
85 174
126 175
38 99
79 100
24 164
98 113
43 177
82 105
101 118
1 180
142 156
59 158
100 159
91 110
36 174
75 102
94 115
80 180
33 105
52 118
24 56
115 174
156 175
54 164
45 115
89 121
130 159
168 185
47 124
126 188
24 177
65 178
10 13
63 105
68 183
1 193
101 131
142 169
21 108
54 56
40 121
119 185
53 60
72 73
77 188
42 167
75 115
80 193
33 118
74 119
19 183
5 19
46 57
65 70
156 188
49 62
109 113
114 191
26 78
12 180
67 116
31 193
72 194
86 129
70 121
89 134
130 172
28 124
47 137
88 175
107 188
0 62
19 75
60 76
5 140
65 191
151 194
63 118
104 119
49 183
21 121
40 134
26 199
141 186
39 138
58 188
144 191
56 78
42 180
116 129
61 193
102 194
14 81
74 132
19 196
60 197
93 145
5 32
46 70
32 135
51 148
137 188
16 127
49 75
95 191
53 194
37 186
70 134
56 199
111 135
190 199
9 124
28 137
69 138
88 188
129 189
41 76
60 89
46 191
104 132
90 197
123 145
16 19
2 84
62 135
81 148
20 138
37 78
78 79
9 16
0 196
8 20
27 33
13 135
32 148
118 151
159 189
71 76
16 140
35 153
76 154
117 192
29 79
48 92
120 197
20 30
37 199
4 22
23 35
9 137
69 151
27 154
25 81
11 146
85 95
145 146
2 97
62 148
122 162
106 154
18 41
4 143
59 79
78 92
64 157
138 143
36 95
55 108
8 33
27 46
11 38
30 51
38 141
57 154
71 89
18 162
92 148
152 162
4 35
50 151
110 165
3 39
22 52
8 154
94 157
66 95
85 108
145 159
24 98
84 149
103 162
15 49
87 154
106 167
18 54
4 156
64 170
17 95
3 160
77 109
22 173
121 152
140 165
33 39
38 154
10 55
15 170
101 173
18 175
133 162
45 49
91 165
3 52
22 65
33 160
66 108
52 173
107 109
24 111
10 176
84 162
1 127
87 167
128 168
147 181
45 170
58 109
77 122
22 186
80 127
140 178
19 117
98 181
10 68
82 173
114 125
155 163
12 114
31 127
72 128
177 181
75 170
116 171
135 184
88 109
33 173
93 187
167 173
5 74
46 112
65 125
49 117
68 130
128 181
169 182
26 133
67 171
70 176
42 114
102 128
47 192
162 179
14 15
0 117
19 130
79 181
165 184
32 69
123 187
35 74
21 176
40 189
7 12
12 127
72 141
56 133
116 184
135 197
14 136
47 84
74 187
32 190
49 130
35 195
68 143
109 181
150 182
62 69
7 133
26 146
67 184
20 72
70 189
111 190
23 77
83 128
28 192
102 141
14 28
0 130
41 131
74 79
60 144
146 184
136 139
53 141
139 144
180 182
6 29
138 185
50 72
69 85
14 149
27 88
13 190
113 128
132 141
151 154
71 131
90 144
2 31
62 82
134 187
6 150
39 98
92 190
9 192
50 193
124 142
41 144
127 147
60 157
187 198
13 82
76 101
15 91
120 144
139 157
180 195
6 42
37 146
78 147
97 160
36 150
69 98
8 88
27 101
113 141
11 93
30 106
71 144
90 157
131 158
24 32
29 147
87 88
6 163
45 91
64 104
124 155
17 29
143 168
36 42
22 107
38 88
57 101
98 102
15 104
18 109
59 147
91 99
8 101
94 104
154 155
52 107
112 158
24 45
10 110
29 160
84 96
115 163
73 166
31 169
105 155
17 42
22 120
108 160
66 163
85 176
126 177
38 101
43 179
82 107
101 120
1 182
142 158
161 171
40 110
59 160
12 48
58 164
91 112
75 104
61 169
80 182
33 107
52 120
112 171
5 8
156 177
114 180
26 67
12 169
67 105
31 182
86 118
70 110
3 120
130 161
149 174
42 48
47 126
0 51
126 190
63 107
82 120
68 185
21 110
40 123
72 75
144 180
77 190
56 67
42 169
116 118
61 182
80 195
33 120
74 121
93 134
46 59
32 124
65 72
51 137
49 64
35 129
54 179
114 193
7 67
67 118
12 182
53 183
86 131
72 196
70 123
56 188
130 174
171 175
28 126
47 139
88 177
107 190
5 142
46 180
151 196
104 121
49 185
123 134
68 198
7 188
141 188
34 62
53 75
144 193
37 67
56 80
42 182
83 183
116 131
102 196
14 83
0 185
13 124
32 137
118 140
51 150
137 190
178 191
35 142
95 193
136 194
48 81
34 183
111 137
4 11
171 188
23 24
9 126
129 191
41 78
27 143
46 193
132 196
13 16
25 70
44 83
90 199
16 21
2 86
81 150
122 151
34 75
20 140
39 153
166 194
78 81
23 145
83 196
55 97
41 199
96 135
8 22
99 140
159 191
11 27
30 40
16 142
57 143
71 78
90 91
117 194
29 81
48 94
120 199
20 32
6 97
111 150
69 153
8 143
27 156
11 148
44 96
30 161
85 97
145 148
2 99
43 100
84 138
122 164
15 38
106 156
18 43
4 145
78 94
23 158
64 159
138 145
36 97
96 148
8 35
140 154
11 40
38 143
57 156
29 94
15 159
73 100
6 110
18 164
133 151
152 164
50 153
91 154
3 41
22 54
11 161
85 110
24 100
84 151
15 51
1 116
87 156
18 56
59 94
45 159
64 172
17 97
3 162
36 110
22 175
77 111
80 116
121 154
140 167
38 156
82 162
15 172
101 175
54 100
18 177
133 164
45 51
31 116
91 167
3 54
75 159
94 172
47 60
33 162
65 114
10 178
68 119
109 157
128 170
21 44
147 183
40 57
45 172
58 111
77 124
22 188
89 178
42 103
61 116
121 167
162 168
33 54
19 119
165 173
10 70
51 71
82 175
21 165
95 114
114 127
174 178
12 116
31 129
177 183
116 173
135 186
47 73
88 111
74 176
107 124
93 189
5 76
10 191
49 119
169 184
21 57
7 122
40 70
26 135
67 173
86 186
39 74
58 124
70 178
89 191
42 116
28 181
47 194
162 181
181 194
19 132
146 173
165 186
13 58
32 71
63 175
51 84
123 189
16 63
35 76
21 178
95 127
40 191
81 192
114 140
7 14
158 183
116 186
157 187
14 138
74 189
160 192
49 132
35 197
150 184
169 197
62 71
134 176
67 186
153 189
20 74
39 87
70 191
111 192
125 127
23 79
83 130
28 194
102 143
143 144
14 30
60 146
146 186
13 71
44 138
104 189
2 141
76 90
117 128
136 141
20 195
53 143
6 31
9 73
55 152
129 138
8 77
27 90
113 130
132 143
11 82
30 95
16 197
71 133
90 146
150 197
29 136
48 149
6 152
9 194
64 93
83 143
17 18
127 149
25 138
57 90
2 154
76 103
15 93
120 146
180 197
6 44
18 98
59 136
78 149
50 87
55 165
11 95
30 108
71 146
112 147
131 160
29 149
115 152
1 50
87 90
6 165
4 92
105 144
124 157
36 44
22 109
127 162
66 152
85 165
24 155
15 106
142 147
1 171
59 149
78 162
119 163
91 101
36 165
77 166
94 106
80 171
33 96
52 109
24 47
10 112
115 165
87 103
86 107
31 171
3 109
108 162
149 163
168 176
66 165
126 179
79 104
24 168
63 96
82 109
161 173
40 112
100 163
12 50
17 165
58 166
77 179
80 184
33 109
52 122
93 123
5 10
137 166
54 168
73 181
114 182
67 107
86 120
31 184
70 112
149 176
61 63
47 128
0 53
19 66
46 169
65 182
63 109
49 174
68 187
40 125
81 126
26 190
100 176
141 177
53 64
144 182
56 69
42 171
116 120
61 184
102 185
14 72
0 174
74 123
93 136
5 23
46 61
32 126
137 179
156 192
35 131
68 79
12 184
53 185
72 198
111 126
56 190
130 176
28 128
14 193
47 141
88 179
129 180
0 66
41 67
60 80
5 144
46 182
44 72
104 123
62 126
81 139
39 142
125 182
144 195
185 196
37 69
56 82
42 184
83 185
74 136
13 126
32 139
159 180
16 131
35 144
95 195
136 196
7 82
48 83
37 190
171 190
23 26
50 129
113 185
132 198
25 72
44 85
71 188
104 136
2 88
62 139
122 153
15 27
20 142
39 155
166 196
18 32
4 134
78 83
96 137
8 24
99 142
118 155
159 193
57 145
117 196
48 96
34 198
6 99
152 153
50 142
69 155
110 156
8 145
113 198
154 199
66 86
11 150
85 99
30 163
145 150
2 101
84 140
122 166
15 40
1 105
106 158
59 83
64 161
22 164
96 150
8 37
99 155
38 145
98 159
10 46
29 96
15 161
31 105
91 156
3 43
22 56
8 158
75 148
94 161
66 99
11 163
52 164
85 112
24 102
43 115
84 153
1 118
128 159
147 172
40 46
64 174
58 100
3 164
22 177
61 105
121 156
33 43
52 56
38 158
79 159
98 172
10 59
82 164
54 102
73 115
114 116
12 105
31 118
158 159
91 169
3 56
94 174
47 62
33 164
88 100
65 116
10 180
109 159
147 185
40 59
67 162
58 113
3 177
77 126
89 180
42 105
47 183
80 131
121 169
162 170
0 108
79 172
82 177
21 167
54 115
95 116
114 129
155 167
174 180
12 118
53 119
72 132
158 172
177 185
116 175
135 188
88 113
93 191
46 116
51 194
150 173
169 186
7 124
26 137
153 178
86 188
42 118
102 132
47 196
162 183
14 19
0 121
19 134
146 175
165 188
32 73
63 177
51 86
104 178
123 191
16 65
35 78
95 129
34 119
39 197
72 145
37 124
116 188
9 62
69 76
14 140
27 79
13 181
113 119
16 186
90 135
2 22
169 199
62 73
20 76
39 89
125 129
4 68
23 81
28 196
69 197
102 145
14 32
41 135
60 148
187 189
13 73
25 127
44 140
104 191
145 192
117 130
136 143
120 135
139 148
6 33
37 137
97 151
50 76
69 89
55 154
96 192
27 92
13 194
99 197
113 132
11 84
71 135
16 199
131 149
2 35
48 151
134 191
175 192
20 89
6 154
92 194
23 94
105 133
124 146
17 20
143 159
108 138
41 148
44 153
85 154
38 79
57 92
2 156
43 157
29 30
15 95
120 148
18 100
78 151
97 164
17 141
50 89
36 154
55 167
8 92
94 95
11 97
112 149
131 162
84 87
29 151
115 154
1 52
87 92
73 157
6 167
64 108
105 146
124 159
3 98
22 111
66 154
85 167
126 168
38 92
79 93
24 157
43 170
82 98
101 111
161 162
59 151
100 152
119 165
12 39
31 52
17 154
91 103
77 168
80 173
154 159
33 98
10 114
115 167
1 65
54 157
73 170
12 160
86 109
3 111
89 114
130 152
149 165
168 178
66 167
126 181
19 55
79 106
65 171
63 98
68 176
1 186
101 124
142 162
21 101
100 165
119 178
31 65
58 168
77 181
42 160
74 112
19 176
5 12
46 50
10 127
51 128
137 168
156 181
49 55
95 171
7 58
26 71
12 173
67 109
31 186
86 122
70 114
89 127
130 165
149 178
42 52
0 55
19 68
60 69
46 171
151 187
63 111
104 112
123 125
68 189
40 127
81 128
26 192
141 179
53 66
125 171
58 181
144 184
37 58
56 71
42 173
116 122
61 186
102 187
14 74
0 176
74 125
19 189
60 190
93 138
5 25
46 63
51 141
137 181
178 182
49 68
95 184
67 122
53 187
70 127
56 192
14 195
88 181
129 182
148 195
0 68
60 82
5 146
44 74
49 189
90 190
2 77
7 192
122 142
34 66
20 131
125 184
144 197
185 198
83 187
0 189
41 190
55 88
96 126
8 13
13 128
99 131
32 141
44 195
118 144
11 18
178 195
16 133
35 146
76 147
117 185
136 198
29 72
34 187
120 190
20 23
6 88
92 128
4 15
171 192
9 130
69 144
129 195
27 147
113 187
85 88
30 152
71 190
2 90
29 193
103 142
20 144
106 147
166 198
18 34
4 136
59 72
23 149
55 101
96 139
8 26
25 195
118 157
11 31
71 82
117 198
29 85
48 98
59 193
92 141
133 142
152 155
4 28
50 144
91 145
196 198
3 32
22 45
66 88
85 101
30 165
24 91
84 142
103 155
15 42
1 107
87 147
4 149
45 150
78 98
64 163
36 101
77 102
22 166
121 145
140 158
98 161
10 48
15 163
54 91
73 104
18 168
133 155
75 150
52 166
10 169
43 117
87 160
128 161
45 163
17 101
3 166
22 179
61 107
121 158
140 171
33 45
19 110
79 161
10 61
51 62
54 104
40 169
73 117
114 118
12 107
31 120
158 161
116 164
88 102
33 166
107 115
52 179
93 180
5 67
65 118
10 182
49 110
68 123
169 175
21 48
40 61
26 126
67 164
86 177
100 112
3 179
89 182
61 120
102 121
47 185
181 185
19 123
5 188
165 177
32 62
63 166
51 75
123 180
21 169
95 118
40 182
114 131
155 169
12 120
72 134
158 174
56 126
116 177
9 51
135 190
28 64
47 77
88 115
93 193
5 80
46 118
49 123
35 188
109 174
169 188
26 139
67 177
172 193
20 65
39 78
23 70
83 121
28 185
47 198
162 185
14 21
146 177
44 129
104 180
123 193
16 67
21 182
62 183
76 81
81 196
53 134
39 199
6 22
56 139
138 178
157 191
50 65
69 78
14 142
74 193
160 196
27 81
13 183
71 124
16 188
90 137
150 188
2 24
62 75
48 140
134 180
20 78
6 143
39 91
92 183
28 198
69 199
143 148
127 140
60 150
25 129
44 142
62 196
136 145
120 137
180 188
4 191
37 139
50 78
36 143
69 91
55 156
96 194
8 81
27 94
13 196
113 134
11 86
30 99
2 37
134 193
175 194
1 41
6 156
92 196
4 83
45 84
105 135
17 22
143 161
108 140
66 143
85 156
38 81
57 94
2 158
43 159
84 197
1 162
120 150
18 102
59 140
78 153
119 154
31 41
17 143
91 92
55 169
11 99
52 100
131 164
84 89
29 153
115 156
1 54
87 94
64 110
105 148
17 35
3 100
22 113
149 154
66 156
85 169
126 170
38 94
98 108
43 172
101 113
142 151
161 164
31 54
58 157
77 170
75 97
61 162
80 175
112 164
24 51
115 169
156 170
54 159
73 172
114 173
26 60
67 98
31 175
3 113
130 154
149 167
168 180
88 157
107 170
0 44
126 183
19 57
24 172
65 173
63 100
142 164
141 168
53 55
144 173
56 60
42 162
61 175
0 165
33 113
19 178
93 127
10 129
137 170
156 183
49 57
68 70
95 173
7 60
26 73
53 176
86 124
72 189
130 167
9 106
42 54
88 170
107 183
148 184
0 57
60 71
151 189
104 114
49 178
123 127
21 116
62 117
7 181
81 130
26 194
34 55
53 68
37 60
102 189
74 127
19 191
60 192
46 65
32 130
137 183
49 70
136 187
7 73
48 74
53 189
139 192
37 181
56 194
171 181
190 194
14 197
129 184
148 197
113 176
5 148
46 186
132 189
49 191
62 130
7 194
48 195
122 144
34 68
39 146
125 186
166 187
37 73
23 138
83 189
96 128
41 192
8 15
27 28
13 130
25 184
44 197
99 133
118 146
159 184
178 197
30 33
16 135
76 149
29 74
48 87
34 189
120 192
20 25
37 194
4 17
50 133
69 146
8 136
113 189
11 141
85 90
71 192
2 92
15 31
20 146
106 149
59 74
78 87
23 151
64 152
97 100
105 190
17 77
36 90
55 103
108 195
25 197
159 197
11 33
38 136
29 87
15 152
73 93
6 103
133 144
50 146
91 147
110 160
22 47
8 149
94 152
27 162
11 154
103 157
15 44
1 109
147 163
18 49
4 151
45 152
64 165
17 90
3 155
36 103
22 168
77 104
33 34
38 149
57 162
10 50
101 168
54 93
133 157
31 109
91 160
3 47
75 152
94 165
33 155
66 103
52 168
68 112
128 163
40 50
45 165
86 166
58 104
3 168
77 117
42 96
61 109
80 122
121 160
33 47
19 112
98 176
10 63
63 155
82 168
101 181
54 106
40 171
114 120
31 122
72 123
158 163
75 165
116 166
28 53
88 104
33 168
107 117
52 181
93 182
51 185
49 112
68 125
109 163
169 177
7 115
58 117
70 171
89 184
42 109
28 174
61 122
162 174
181 187
60 126
5 190
146 166
13 51
32 64
51 77
82 181
21 171
95 120
40 184
155 171
34 110
53 123
37 115
56 128
9 53
135 192
28 66
88 117
74 182
93 195
5 82
46 120
32 185
51 198
2 13
62 64
7 128
26 141
67 179
153 182
172 195
70 184
111 185
9 174
102 136
14 23
60 139
146 179
44 131
123 195
164 196
16 69
35 82
62 185
20 188
53 136
23 193
157 193
9 66
50 67
69 80
74 195
160 198
8 70
27 83
13 185
32 198
71 126
16 190
90 139
150 190
2 26
29 129
48 142
134 182
153 195
194 196
20 80
111 198
143 150
41 139
145 196
38 70
57 83
2 147
76 96
62 198
103 199
117 134
15 86
120 139
180 190
18 91
59 129
78 142
97 155
50 80
36 145
55 158
96 196
8 83
27 96
113 136
11 88
30 101
71 139
112 140
131 153
29 142
115 145
48 155
175 196
1 43
6 158
92 198
133 199
64 99
105 137
124 150
36 37
108 142
127 155
85 158
24 148
57 96
84 199
101 102
1 164
59 142
78 155
119 156
31 43
17 145
91 94
77 159
75 86
80 164
52 102
112 153
131 166
84 91
115 158
54 148
73 161
86 100
31 164
22 115
108 155
168 169
66 158
107 159
79 97
24 161
98 110
43 174
63 89
82 102
101 115
142 153
161 166
100 156
12 43
31 56
17 158
58 159
77 172
80 177
33 102
19 167
10 118
137 159
156 172
54 161
73 174
114 175
26 62
67 100
86 113
31 177
149 169
42 43
0 46
5 124
65 175
49 167
21 105
40 118
26 183
100 169
141 170
12 56
53 57
144 175
56 62
0 167
74 116
19 180
93 129
5 16
32 119
65 67
51 132
137 172
68 72
109 110
95 175
7 62
26 75
12 177
67 113
72 191
70 118
56 183
130 169
42 56
28 121
47 134
88 172
41 60
60 73
5 137
46 175
65 188
132 178
151 191
44 65
49 180
123 129
68 193
21 118
62 119
7 183
81 132
141 183
39 135
125 175
144 188
185 189
37 62
42 177
83 178
14 78
41 181
13 119
32 132
51 145
178 186
95 188
136 189
7 75
48 76
34 178
53 191
37 183
97 197
171 183
69 135
129 186
41 73
27 138
113 178
132 191
25 65
30 143
71 181
104 129
62 132
122 146
15 20
20 135
125 188
166 189
18 25
4 127
23 140
83 191
36 79
41 194
127 197
8 17
27 30
13 132
99 135
118 148
71 73
16 137
57 138
76 151
117 189
29 76
48 89
34 191
78 197
4 19
69 148
27 151
113 191
25 78
66 79
11 143
85 92
30 156
71 194
43 95
29 197
103 146
15 33
1 98
20 148
106 151
18 38
55 105
96 143
25 199
99 148
57 151
76 164
15 154
73 95
18 159
59 197
152 159
91 149
110 162
3 36
22 49
94 154
11 156
85 105
43 108
1 111
87 151
106 164
147 165
59 89
45 154
64 167
17 92
58 93
22 170
61 98
80 111
121 149
38 151
98 165
82 157
15 167
54 95
73 108
12 98
31 111
3 49
75 154
94 167
52 170
68 114
109 152
21 39
147 178
26 117
45 167
100 103
77 119
89 173
61 111
80 124
121 162
0 101
79 165
98 178
63 157
51 66
82 170
101 183
40 173
114 122
12 111
158 165
56 117
116 168
9 42
135 181
88 106
74 171
107 119
93 184
46 109
65 122
10 186
51 187
49 114
68 127
169 179
21 52
7 117
26 130
67 168
86 181
172 184
39 69
89 186
42 111
28 176
102 125
162 176
146 168
5 192
165 181
13 53
104 171
16 58
21 173
95 122
81 187
34 112
39 190
72 138
37 117
56 130
157 182
9 55
28 68
74 184
5 84
13 174
32 187
46 122
90 128
2 15
169 192
7 130
67 181
172 197
20 69
39 82
70 186
111 187
23 74
69 190
102 138
60 141
146 181
13 66
25 120
104 184
164 198
76 85
62 187
117 123
20 190
139 141
37 130
78 131
69 82
55 147
8 72
27 85
13 187
99 190
113 125
132 138
11 77
90 141
131 142
2 28
29 131
48 144
194 198
6 147
92 187
4 74
23 87
64 88
124 139
143 152
108 131
127 144
187 195
25 133
11 198
44 146
85 147
38 72
57 85
43 150
76 98
117 136
15 88
6 39
4 195
59 131
78 144
97 157
36 147
55 160
96 198
8 85
27 98
30 103
38 193
71 141
131 155
24 29
73 150
45 88
64 101
124 152
17 26
22 104
108 144
127 157
38 85
79 86
43 163
15 101
101 104
18 106
59 144
100 145
12 32
31 45
17 147
91 96
36 160
33 91
52 104
112 155
24 42
10 107
1 58
54 150
73 163
31 166
89 107
22 117
130 145
149 158
107 161
126 174
24 163
65 164
63 91
82 104
1 179
40 107
100 158
31 58
75 101
61 166
33 104
93 118
51 121
137 161
156 174
54 163
95 164
114 177
67 102
12 166
86 115
31 179
72 180
70 107
42 45
148 175
0 48
60 62
5 126
65 177
151 180
63 104
104 105
49 169
68 182
21 107
40 120
81 121
26 185
34 46
53 59
125 164
58 174
37 51
42 166
61 179
19 182
93 131
5 18
32 121
51 134
95 177
114 190
26 77
34 167
53 180
70 120
111 121
56 185
171 172
9 110
14 188
47 136
88 174
129 175
148 188
60 75
5 139
46 177
132 180
123 131
2 70
62 121
26 198
34 59
20 124
144 190
23 129
56 77
143 194
0 182
41 183
55 81
60 196
118 137
16 126
35 139
76 140
117 178
29 65
48 78
34 180
53 193
139 196
92 121
111 134
56 198
4 8
97 199
171 185
9 123
50 124
69 137
129 188
132 193
44 80
30 145
71 183
90 196
62 134
15 22
106 140
166 191
18 27
59 65
83 193
36 81
55 94
96 132
127 199
8 19
27 32
13 134
25 188
159 188
11 24
71 75
57 140
117 191
29 78
15 143
120 196
6 94
18 148
59 186
78 199
133 135
50 137
69 150
110 151
22 38
113 193
25 80
66 81
11 145
85 94
30 158
71 196
24 84
15 35
1 100
87 140
59 78
78 91
64 156
17 81
36 94
77 95
108 199
80 100
99 150
140 151
38 140
57 153
10 41
15 156
101 159
142 197
73 97
59 199
152 161
91 151
110 164
3 38
75 143
8 153
66 94
52 159
24 97
10 162
43 110
84 148
1 113
87 153
40 41
58 95
77 108
22 172
80 113
121 151
33 38
79 154
54 97
73 110
31 113
72 114
75 156
94 169
135 170
47 57
33 159
52 172
5 60
65 111
10 175
68 116
109 154
128 167
21 41
40 54
26 119
67 157
100 105
58 108
3 172
70 162
89 175
42 100
61 113
102 114
47 178
19 116
79 167
63 159
51 68
82 172
123 173
35 60
95 111
40 175
155 162
12 113
72 127
158 167
177 180
56 119
116 170
135 183
14 122
33 172
74 173
88 108
93 186
5 73
46 111
32 176
51 189
49 116
68 129
169 181
7 119
67 170
86 183
39 71
89 188
28 178
102 127
162 178
0 116
60 130
165 183
32 68
51 81
104 173
16 60
35 73
21 175
81 189
53 127
6 15
37 119
116 183
157 184
9 57
69 71
14 135
74 186
27 74
13 176
118 192
30 79
16 181
71 117
35 194
90 130
2 17
169 194
62 68
48 133
134 173
153 186
172 199
20 71
39 84
111 189
4 63
23 76
83 127
28 191
124 128
127 133
60 143
146 183
13 68
44 135
104 186
145 187
16 73
2 138
117 125
136 138
34 127
120 130
20 192
139 143
4 184
37 132
78 133
97 146
138 184
157 197
36 136
69 84
8 74
99 192
11 79
16 194
57 195
90 143
131 144
2 30
29 133
134 186
1 34
6 149
4 76
105 128
50 192
124 141
143 154
108 133
8 195
127 146
187 197
85 149
38 74
57 87
43 152
76 100
84 190
117 138
15 90
59 133
78 146
119 147
138 197
17 136
8 87
11 92
52 93
38 195
131 157
29 146
115 149
45 90
105 141
17 28
108 146
66 149
126 163
38 87
79 88
24 152
43 165
82 93
101 106
1 168
18 108
100 147
119 160
12 34
17 149
58 150
91 98
61 155
80 168
33 93
52 106
24 44
10 109
156 163
54 152
73 165
45 103
86 104
31 168
3 106
89 109
130 147
47 112
0 37
79 101
24 165
65 166
63 93
82 106
68 171
1 181
21 96
100 160
141 161
12 47
58 163
33 106
74 107
5 7
51 123
156 176
49 50
54 165
95 166
114 179
7 53
26 66
12 168
70 109
130 160
42 47
28 112
47 125
88 163
0 50
46 166
151 182
104 107
68 184
7 174
26 187
141 174
34 48
53 61
72 74
125 166
37 53
56 66
42 168
83 169
102 182
74 120
60 185
93 133
13 110
32 123
51 136
137 176
35 128
136 180
7 66
48 67
34 169
72 195
37 174
70 122
56 187
111 123
171 174
9 112
28 125
69 126
129 177
148 190
60 77
5 141
25 56
151 195
90 185
123 133
62 123
7 187
81 136
122 137
34 61
125 179
166 180
185 193
37 66
83 182
102 195
96 121
41 185
60 198
13 123
44 190
118 139
159 177
178 190
2 193
35 141
76 142
117 180
136 193
29 67
48 80
34 182
120 185
139 198
6 83
37 187
92 123
9 125
50 126
69 139
8 129
113 182
132 195
173 196
25 69
11 134
30 147
71 185
90 198
43 86
29 188
62 136
103 137
166 193
59 67
4 131
23 144
64 145
105 183
124 196
17 70
36 83
55 96
41 198
96 134
108 188
25 190
99 139
159 190
38 129
71 77
57 142
73 86
18 150
59 188
50 139
3 27
8 142
94 145
27 155
154 196
85 96
30 160
71 198
112 199
24 86
43 99
84 137
15 37
106 155
147 156
18 42
105 196
22 161
80 102
38 142
98 156
184 196
10 43
15 158
101 161
73 99
133 150
31 102
91 153
110 166
22 53
75 145
94 158
33 148
52 161
24 99
65 100
10 164
84 150
68 105
87 155
128 156
40 43
45 158
86 159
58 97
3 161
22 174
42 89
80 115
121 153
140 166
33 40
19 105
79 156
98 169
10 56
63 148
82 161
101 174
54 99
116 159
28 46
47 59
33 161
107 110
52 174
93 175
65 113
10 177
51 178
68 118
109 156
21 43
7 108
67 159
86 172
58 110
70 164
89 177
28 167
47 180
162 167
19 118
146 159
5 183
79 169
165 172
32 57
63 161
51 70
82 174
35 62
21 164
95 113
81 178
114 126
155 164
53 116
158 169
56 121
116 172
9 46
135 185
14 124
47 72
74 175
88 110
5 75
32 178
51 191
49 118
150 170
7 121
67 172
39 73
70 177
111 178
23 65
28 180
102 129
14 16
0 118
41 119
5 196
13 57
32 70
104 175
123 188
21 177
62 178
20 181
39 194
6 17
56 134
97 135
9 59
50 60
14 137
160 191
27 76
13 178
113 116
118 194
71 119
16 183
35 196
76 197
62 70
153 188
92 178
4 65
23 78
9 180
83 129
69 194
41 132
127 135
27 197
104 188
145 189
16 75
2 140
117 127
62 191
136 140
120 132
20 194
106 197
139 145
180 183
6 30
4 186
59 122
23 199
97 148
157 199
50 73
36 138
55 151
11 81
30 94
16 196
57 197
71 132
112 133
131 146
175 189
1 36
92 191
4 78
45 79
50 194
124 143
22 95
25 137
85 151
38 76
57 89
15 92
87 197
18 97
4 199
59 135
78 148
119 149
31 36
17 138
75 79
8 89
11 94
52 95
38 197
112 146
131 159
24 33
115 151
1 49
54 141
87 89
45 92
31 157
64 105
105 143
108 148
66 151
107 152
24 154
43 167
82 95
40 98
119 162
31 49
58 152
77 165
75 92
61 157
93 109
137 152
156 165
54 154
73 167
114 168
67 93
12 157
86 106
31 170
70 98
3 108
89 111
47 114
88 152
0 39
126 178
5 117
79 103
63 95
82 108
68 173
21 98
40 111
26 176
141 163
12 49
58 165
144 168
42 157
0 160
33 108
19 173
74 109
5 9
46 47
32 112
51 125
137 165
35 117
114 181
7 55
67 106
53 171
86 119
72 184
56 176
9 101
28 114
88 165
148 179
0 52
41 53
5 130
46 168
49 173
68 186
21 111
81 125
26 189
141 176
34 50
39 128
125 168
37 55
102 184
0 173
74 122
118 128
159 166
178 179
35 130
95 181
136 182
7 68
53 184
92 112
37 176
111 125
56 189
171 176
9 114
14 192
129 179
41 66
60 79
113 171
25 58
44 71
30 136
104 122
2 74
122 139
34 63
20 128
39 141
185 195
37 68
83 184
143 198
55 85
41 187
96 123
13 125
99 128
44 192
118 141
159 179
11 15
178 192
2 195
76 144
29 69
48 82
34 184
6 85
37 189
111 138
69 141
110 142
154 185
173 198
25 71
66 72
71 187
2 87
43 88
84 126
122 152
87 131
106 144
166 195
18 31
59 69
78 82
23 146
105 185
124 198
17 72
36 85
55 98
108 190
8 23
25 192
99 141
140 142
11 28
57 144
184 185
76 157
15 147
73 88
59 190
110 155
3 29
94 147
66 85
11 149
52 150
43 101
103 152
87 144
18 44
59 82
45 147
64 160
105 198
58 86
3 150
22 163
61 91
80 104
38 144
79 145
184 198
82 150
54 88
73 101
18 165
133 152
12 91
31 104
75 147
135 161
47 48
33 150
52 163
24 101
65 102
68 107
109 145
128 158
21 32
45 160
86 161
58 99
89 166
42 91
80 117
121 155
79 158
10 58
51 59
82 163
101 176
72 118
116 161
135 174
28 48
47 61
33 163
88 99
46 102
65 115
10 179
51 180
49 107
68 120
128 171
169 172
7 110
26 123
86 174
172 177
89 179
42 104
0 107
60 121
146 161
165 174
13 46
32 59
63 163
51 72
21 166
95 115
81 180
34 105
53 118
72 131
158 171
56 123
9 48
28 61
14 126
5 77
46 115
32 180
51 193
90 121
35 185
2 8
169 185
134 164
153 177
20 62
39 75
70 179
23 67
9 169
28 182
69 183
102 131
14 18
146 174
5 198
25 113
32 72
44 126
164 191
35 77
76 78
62 180
81 193
122 194
34 118
120 121
20 183
39 196
6 19
37 123
23 188
97 137
138 175
157 188
9 61
50 62
69 75
55 140
96 178
160 193
8 65
27 78
32 193
118 196
71 121
16 185
35 198
76 199
150 185
2 21
29 124
48 137
134 177
20 75
111 193
64 81
105 119
124 132
143 145
8 186
41 134
27 199
127 137
187 188
25 126
11 191
44 139
85 140
38 65
2 142
62 193
103 194
15 81
120 134
20 196
180 185
59 124
4 188
36 140
55 153
96 191
182 194
8 78
27 91
99 196
11 83
38 186
112 135
131 148
175 191
6 153
92 193
4 80
105 132
91 197
3 84
22 97
8 199
66 140
38 78
24 143
43 156
84 194
87 199
18 99
100 138
119 151
12 25
31 38
17 140
36 153
163 194
80 159
121 197
52 97
38 199
10 100
115 153
54 143
87 91
73 156
45 94
31 159
89 100
22 110
130 138
66 153
107 154
24 156
63 84
82 97
1 172
12 38
31 51
77 167
75 94
61 159
80 172
19 162
52 110
93 111
10 113
137 154
156 167
54 156
26 57
12 159
67 95
72 173
70 100
89 113
130 151
149 164
28 103
88 154
0 41
19 54
79 105
65 170
21 100
40 113
81 114
26 178
141 165
34 39
125 157
58 167
144 170
37 44
56 57
42 159
61 172
0 162
5 11
46 49
32 114
51 127
137 167
49 54
35 119
114 183
7 57
67 108
12 172
72 186
56 178
9 103
88 167
129 168
148 181
41 55
60 68
46 170
44 60
49 175
123 124
68 188
2 63
62 114
7 178
81 127
53 65
39 130
23 122
102 186
14 73
55 74
41 176
74 124
60 189
32 127
44 181
118 130
159 168
35 132
48 71
34 173
92 114
37 178
97 192
171 178
9 116
50 117
69 130
14 194
129 181
41 68
27 133
113 173
132 186
44 73
71 176
90 189
62 127
103 128
48 192
122 141
6 195
166 184
18 20
185 197
23 135
83 186
124 187
36 74
55 87
41 189
96 125
127 192
8 12
13 127
25 181
44 194
118 143
159 181
16 132
57 133
76 146
29 71
48 84
120 189
18 141
92 127
4 14
50 130
36 195
69 143
22 31
8 133
113 186
66 74
11 138
85 87
71 189
43 90
84 128
103 141
122 154
1 93
106 146
166 197
18 33
4 135
59 71
17 74
36 87
22 152
96 138
99 143
11 30
38 133
57 146
98 147
184 187
10 34
101 152
73 90
18 154
59 192
133 141
17 195
91 144
196 197
3 31
22 44
11 151
24 90
43 103
147 160
188 198
45 149
64 162
58 88
77 101
61 93
80 106
121 144
140 157
38 146
79 147
101 165
54 90
73 103
12 93
31 106
3 44
75 149
94 162
135 163
52 165
93 166
5 53
49 96
68 109
109 147
128 160
147 173
40 47
26 112
86 163
58 101
3 165
89 168
42 93
61 106
47 171
0 96
19 109
79 160
63 152
51 61
82 165
95 104
40 168
114 117
12 106
56 112
9 37
135 176
28 50
47 63
33 165
74 166
93 179
5 66
32 169
65 117
51 182
49 109
35 174
109 160
150 161
7 112
26 125
153 166
86 176
172 179
39 64
89 181
9 158
42 106
28 171
47 184
162 171
146 163
5 187
13 48
32 61
63 165
51 74
104 166
123 179
16 53
21 168
62 169
34 107
39 185
6 8
56 125
116 176
157 177
28 63
74 179
27 67
13 169
32 182
118 185
30 72
16 174
90 123
35 187
150 174
153 179
172 192
39 77
92 169
111 182
4 56
23 69
83 120
28 184
69 185
27 188
60 136
13 61
25 115
145 180
76 80
117 118
81 195
20 185
39 198
37 125
78 126
97 139
14 141
55 142
96 180
160 195
27 80
13 182
113 120
118 198
57 188
131 137
29 126
48 139
134 179
20 77
6 142
152 196
64 83
50 185
105 121
69 198
124 134
143 147
108 126
8 188
127 139
187 190
25 128
44 141
85 142
38 67
57 80
84 183
87 188
20 198
18 88
4 190
59 126
78 139
138 190
50 77
55 155
96 193
182 196
99 198
11 85
131 150
115 142
175 193
6 155
133 196
64 96
50 198
91 199
105 134
108 139
126 156
167 194
79 81
24 145
84 196
170 199
82 86
15 96
1 161
18 101
59 139
100 140
119 153
12 27
31 40
36 155
77 156
80 161
121 199
52 99
112 150
10 102
115 155
73 158
130 140
107 156
126 169
79 94
98 107
63 86
82 99
68 164
1 174
101 112
40 102
100 153
141 154
12 40
58 156
77 169
42 148
75 96
61 161
80 174
33 99
74 100
19 164
93 113
51 116
137 156
54 158
7 46
67 97
12 161
86 110
31 174
70 102
89 115
130 153
28 105
47 118
88 156
0 43
19 56
5 121
65 172
151 175
63 99
49 164
68 177
21 102
7 167
40 115
81 116
141 167
53 54
39 119
58 169
125 159
144 172
37 46
102 175
14 62
0 164
19 177
60 178
93 126
5 13
32 116
51 129
137 169
16 108
49 56
35 121
95 172
114 185
34 162
53 175
70 115
56 180
28 118
14 183
148 183
41 57
60 70
5 134
46 172
25 49
44 62
90 178
2 65
7 180
81 129
26 193
34 54
39 132
125 172
23 124
83 175
143 189
14 75
0 177
41 178
55 76
96 114
13 116
99 119
118 132
178 183
16 121
76 135
117 173
136 186
48 73
34 175
120 178
6 76
56 193
97 194
69 132
14 196
55 197
129 183
113 175
25 62
11 127
44 75
30 140
90 191
29 181
62 129
48 194
122 143
15 17
166 186
18 22
4 124
185 199
83 188
124 189
41 191
99 132
85 197
118 145
11 19
38 122
57 135
76 148
117 186
15 138
120 191
18 143
59 181
91 133
110 146
3 20
27 148
154 189
11 140
30 153
71 191
24 79
103 143
115 197
15 30
1 95
87 135
106 148
18 35
4 137
45 138
59 73
64 151
105 189
17 76
3 141
22 154
25 196
57 148
184 189
10 36
15 151
18 156
133 143
31 95
17 197
91 146
110 159
3 33
22 46
75 138
66 89
52 154
87 148
147 162
45 151
3 154
77 103
42 82
80 108
121 146
79 149
10 49
63 141
82 154
101 167
54 92
40 157
31 108
116 152
28 39
33 154
93 168
46 93
65 106
49 98
68 111
109 149
128 162
21 36
40 49
26 114
67 152
86 165
58 103
89 170
42 95
28 160
5 176
32 50
63 154
51 63
35 55
95 106
81 171
114 119
155 157
53 109
158 162
135 178
14 117
74 168
93 181
5 68
49 111
68 124
109 162
150 163
21 49
7 114
67 165
153 168
20 53
39 66
70 170
111 171
23 58
83 109
28 173
102 122
47 186
162 173
0 111
41 112
146 165
165 178
44 117
16 55
21 170
62 171
20 174
39 187
6 10
37 114
157 179
50 53
74 181
160 184
13 171
30 74
71 112
90 125
35 189
62 63
7 127
48 128
134 168
153 181
6 131
92 171
111 184
4 58
9 173
50 174
83 122
69 187
41 125
25 117
44 130
30 195
145 182
16 68
57 69
2 133
117 120
122 198
20 187
106 190
18 77
78 128
23 192
97 141
138 179
36 131
69 79
55 144
96 182
113 122
99 187
16 189
131 139
29 128
48 141
134 181
175 182
194 195
6 144
92 184
133 185
152 198
4 71
64 85
50 187
124 136
8 190
127 141
187 192
25 130
66 131
11 195
85 144
145 195
57 82
43 147
103 198
15 85
87 190
78 141
119 142
55 157
182 198
38 190
29 141
115 144
175 195
1 42
73 147
31 150
105 136
3 88
22 101
66 144
85 157
167 196
19 32
79 83
43 160
84 198
1 163
40 91
100 142
12 29
31 42
17 144
58 145
91 93
77 158
75 85
61 150
94 98
80 163
33 88
52 101
93 102
10 104
156 158
67 86
86 99
31 163
70 91
3 101
89 104
130 142
149 155
47 107
88 145
107 158
126 171
19 45
79 96
24 160
65 161
82 101
68 166
21 91
40 104
26 169
141 156
12 42
58 158
144 161
77 171
42 150
80 176
0 153
33 101
74 102
93 115
51 118
156 171
35 110
95 161
7 48
67 99
12 163
86 112
72 177
70 104
56 169
89 117
130 155
9 94
47 120
88 158
107 171
148 172
5 123
63 101
68 179
21 104
62 105
81 118
141 169
34 43
39 121
144 174
37 48
56 61
102 177
14 64
0 166
19 179
60 180
32 118
118 121
51 131
16 110
35 123
95 174
48 62
34 164
53 177
56 182
28 120
148 185
27 124
113 164
132 177
25 51
151 190
30 129
49 179
2 67
7 182
48 183
81 131
20 121
39 134
125 174
166 175
37 61
23 126
83 177
143 191
14 77
55 78
41 180
13 118
25 172
44 185
99 121
118 134
16 123
57 124
117 175
29 62
48 75
34 177
139 193
6 78
78 183
111 131
4 5
69 134
14 198
55 199
8 124
27 137
113 177
11 129
30 142
2 80
103 132
48 196
122 145
15 19
6 199
18 24
23 139
64 140
105 178
36 78
55 91
41 193
127 196
25 185
44 198
117 188
29 75
15 140
161 194
73 81
6 91
18 145
78 196
50 134
3 22
22 35
85 91
71 193
112 194
24 81
43 94
103 145
115 199
15 32
87 137
106 150
147 151
18 37
59 75
45 140
64 153
17 78
77 92
108 196
98 151
184 191
82 143
15 153
101 156
142 194
18 158
59 196
31 97
91 148
75 140
94 153
52 156
24 94
10 159
68 100
1 110
128 151
21 25
45 153
86 154
58 92
89 159
42 84
80 110
121 148
79 151
63 143
51 52
82 156
54 94
40 159
12 97
31 110
72 111
75 153
135 167
28 41
47 54
74 157
93 170
46 95
68 113
109 151
128 164
7 103
40 51
26 116
67 154
39 55
89 172
42 97
28 162
102 111
47 175
19 113
60 114
5 178
146 154
165 167
13 39
32 52
63 156
104 157
16 44
35 57
95 108
40 172
53 111
37 103
56 116
9 41
160 173
93 183
5 70
13 160
32 173
51 186
49 113
90 114
150 165
169 178
26 129
67 167
153 170
20 55
39 68
70 172
111 173
23 60
102 124
0 113
5 191
13 52
123 183
16 57
2 122
62 173
81 186
122 187
20 176
53 124
37 116
56 129
97 130
138 168
157 181
9 54
50 55
96 171
27 71
99 176
32 186
118 189
11 63
76 192
150 178
29 117
48 130
134 170
20 68
6 133
92 173
111 186
4 60
23 73
64 74
50 176
105 112
124 125
127 130
25 119
44 132
30 197
145 184
164 197
57 71
2 135
76 84
103 187
15 74
120 127
20 189
106 192
18 79
4 181
59 117
23 194
97 143
138 181
36 133
8 71
27 84
99 189
11 76
38 179
71 127
57 192
112 128
131 141
29 130
115 133
175 184
194 197
1 31
45 74
64 87
50 189
91 190
124 138
3 77
108 130
8 192
127 143
25 132
66 133
85 146
145 197
186 198
24 136
57 84
43 149
84 187
15 87
87 192
18 92
59 130
45 195
78 143
12 18
17 133
77 147
80 152
52 90
38 192
112 141
131 154
24 28
10 93
175 197
54 136
73 149
45 87
86 88
31 152
3 90
89 93
22 103
75 195
66 146
107 147
126 160
167 198
24 149
82 90
101 103
119 157
31 44
17 146
77 160
75 87
80 165
33 90
93 104
10 106
51 107
156 160
54 149
73 162
114 163
26 50
12 152
86 101
31 165
47 109
88 147
0 34
19 47
46 150
79 98
65 163
49 155
82 103
68 168
21 93
40 106
100 157
141 158
144 163
61 165
0 155
19 168
93 117
51 120
137 160
156 173
95 163
114 176
7 50
26 63
67 101
72 179
56 171
28 109
88 160
148 174
0 47
60 61
5 125
65 176
151 179
44 53
21 106
7 171
81 120
141 171
34 45
20 110
144 176
37 50
23 115
56 63
83 166
102 179
14 66
0 168
41 169
60 182
32 120
118 123
159 161
35 125
76 126
95 176
136 177
34 166
53 179
139 182
6 67
37 171
111 120
56 184
9 109
50 110
14 187
148 187
41 61
132 179
25 53
44 66
90 182
62 120
7 184
48 185
103 121
106 126
39 136
125 176
185 190
23 128
83 179
124 180
36 67
96 118
41 182
127 185
13 120
25 174
44 187
118 136
159 174
16 125
57 126
2 190
117 177
48 77
34 179
120 182
92 120
37 184
78 185
97 198
36 188
69 136
110 137
22 24
8 126
113 179
154 180
173 193
25 66
66 67
11 131
30 144
71 182
90 195
2 82
103 134
48 198
122 147
1 86
87 126
106 139
18 26
4 128
45 129
59 64
105 180
127 198
8 18
99 136
57 139
117 190
10 27
101 145
120 195
18 147
78 198
31 86
110 150
3 24
22 37
8 139
94 142
154 193
11 144
112 196
43 96
84 134
1 99
128 140
147 153
188 191
64 155
105 193
191 196
17 80
58 81
77 94
22 158
108 198
61 86
80 99
184 193
10 40
101 158
142 196
12 86
31 99
75 142
94 155
176 194
52 158
179 199
5 46
24 96
10 161
68 102
109 140
21 27
147 166
26 105
67 143
58 94
3 158
77 107
89 161
130 199
42 86
61 99
47 164
80 112
121 150
0 89
33 37
19 102
63 145
82 158
21 148
53 100
56 105
47 56
33 158
74 159
93 172
5 59
65 110
10 174
51 175
49 102
68 115
21 40
7 105
26 118
67 156
9 151
83 100
28 164
47 177
162 164
0 102
19 115
5 180
13 41
63 158
51 67
123 172
35 59
62 162
95 110
39 178
72 126
37 105
157 170
9 43
28 56
160 175
13 162
49 115
2 3
169 180
7 118
134 159
20 57
39 70
4 49
23 62
9 164
83 113
28 177
69 178
5 193
44 121
104 172
145 173
164 186
16 59
62 175
81 188
122 189
34 113
6 14
23 183
138 170
157 183
69 70
96 173
8 60
27 73
13 175
99 178
118 191
11 65
30 78
16 180
35 193
76 194
2 16
29 119
48 132
134 172
20 70
6 135
92 175
152 189
23 75
64 76
124 127
69 191
41 129
127 132
27 194
11 186
44 134
145 186
57 73
2 137
43 138
76 86
103 189
117 124
15 76
20 191
106 194
18 81
4 183
78 132
23 196
36 135
55 148
96 186
182 189
8 73
99 191
140 192
11 78
38 181
71 129
112 130
115 135
175 186
194 199
73 138
6 148
45 76
64 89
50 191
124 140
3 79
22 92
94 197
127 145
66 135
85 148
126 149
167 187
24 138
15 89
1 154
18 94
59 132
100 133
12 20
77 149
163 189
80 154
33 79
52 92
38 194
112 143
24 30
115 148
1 46
54 138
73 151
12 141
45 89
31 154
3 92
89 95
75 197
47 98
66 148
79 87
24 151
98 100
82 92
68 157
1 167
101 105
142 143
21 82
40 95
77 162
42 141
61 154
80 167
33 92
74 93
19 157
10 108
137 149
156 162
54 151
95 152
7 39
12 154
31 167
149 159
28 98
88 149
107 162
148 163
0 36
151 168
49 157
68 170
21 95
7 160
40 108
26 173
141 160
125 152
144 165
37 39
42 154
61 167
102 168
0 157
19 170
13 96
16 101
95 165
114 178
7 52
26 65
34 155
53 168
67 103
72 181
70 108
56 173
28 111
69 112
88 162
148 176
41 50
5 127
46 165
132 168
44 55
49 170
2 58
62 109
81 122
122 123
141 173
20 112
39 125
125 165
144 178
23 117
56 65
83 168
102 181
0 170
41 171
96 107
99 112
32 122
44 176
118 125
159 163
2 179
35 127
76 128
117 166
29 53
34 168
139 184
111 122
56 186
97 187
171 173
69 125
55 190
129 176
113 168
132 181
25 55
44 68
30 133
90 184
2 71
29 174
62 122
48 187
20 125
185 192
4 117
23 130
83 181
124 182
143 195
36 69
55 82
41 184
25 176
99 125
85 190
118 138
159 176
38 115
57 128
2 192
29 66
120 184
139 197
18 136
59 174
78 187
92 122
4 9
50 125
91 126
110 139
3 13
22 26
8 128
94 131
113 181
154 182
173 195
66 69
11 133
84 123
29 187
103 136
87 128
106 141
166 192
18 28
4 130
45 131
59 66
64 144
17 69
25 189
121 126
38 128
57 141
98 142
101 147
142 185
54 72
73 85
59 187
91 139
3 26
22 39
75 131
94 144
66 82
112 198
24 85
10 150
43 98
84 136
1 101
128 142
147 155
188 193
17 82
77 96
61 88
80 101
79 142
98 155
184 195
10 42
82 147
142 198
54 85
40 150
12 88
31 101
72 102
75 144
116 145
135 158
28 32
33 147
5 48
46 86
65 99
49 91
68 104
21 29
40 42
86 158
58 96
61 101
47 166
19 104
5 169
79 155
63 147
51 56
82 160
123 161
35 48
21 150
40 163
53 102
56 107
28 45
14 110
47 58
88 96
93 174
5 61
32 164
51 177
49 104
109 155
67 158
153 161
39 59
70 163
23 51
42 101
83 102
102 115
47 179
162 166
0 104
41 105
60 118
5 182
44 110
104 161
123 174
16 48
35 61
21 163
62 164
81 177
34 102
39 180
56 120
97 121
138 159
9 45
74 174
27 62
118 180
51 190
30 67
16 169
71 105
35 182
90 118
2 5
7 120
48 121
153 174
20 59
6 124
39 72
92 164
111 177
9 166
28 179
69 180
41 118
27 183
16 61
2 126
62 177
122 191
15 65
20 180
6 16
18 70
78 121
97 134
36 124
69 72
55 137
96 175
8 62
27 75
13 177
113 115
118 193
57 183
90 131
76 196
29 121
134 174
6 137
92 177
133 178
4 64
45 65
110 194
22 81
8 183
108 121
27 196
127 134
11 188
85 137
186 189
103 191
15 78
87 183
120 131
106 196
59 121
4 185
78 134
23 198
64 199
119 135
17 124
163 178
55 150
96 188
182 191
8 75
99 193
140 194
11 80
38 183
57 196
115 137
15 199
175 188
133 191
45 78
105 129
91 194
3 81
22 94
8 196
94 199
108 134
66 137
85 150
126 151
38 75
43 153
87 196
40 84
59 134
45 199
119 148
17 137
58 138
77 151
75 78
80 156
33 81
93 95
10 97
115 150
54 140
73 153
114 154
155 192
26 41
86 92
31 156
70 84
3 94
130 135
75 199
47 100
88 138
107 151
126 164
19 38
24 153
65 154
68 159
109 197
142 145
21 84
40 97
26 162
141 149
58 151
77 164
80 169
0 146
19 159
32 98
137 151
95 154
114 167
67 92
12 156
86 105
72 170
130 148
9 87
28 100
47 113
88 151
107 164
148 165
0 38
19 51
46 154
151 170
49 159
62 98
81 111
34 36
39 114
37 41
83 157
102 170
14 57
0 159
74 108
19 172
13 98
32 111
51 124
16 103
95 167
136 168
7 54
53 170
139 173
37 162
56 175
9 100
69 114
14 178
129 165
41 52
60 65
46 167
113 157
25 44
151 183
104 108
2 60
62 111
48 176
81 124
122 125
39 127
125 167
166 168
37 54
23 119
102 183
143 184
55 71
41 173
96 109
60 186
99 114
118 127
159 165
16 116
2 181
117 168
136 181
29 55
34 170
92 111
37 175
78 176
111 124
50 114
14 191
55 192
110 128
8 117
41 65
44 70
30 135
71 173
43 74
29 176
48 189
122 138
20 127
6 192
4 119
23 132
64 133
124 184
143 197
55 84
41 186
96 122
127 189
8 9
25 178
99 127
44 191
11 14
57 130
43 195
76 143
117 181
73 74
6 84
18 138
78 189
17 179
50 127
91 128
22 28
94 133
154 184
173 197
66 71
30 148
71 186
112 187
24 74
43 87
84 125
103 138
15 25
1 90
87 130
105 184
17 71
3 136
36 84
22 149
77 85
121 128
38 130
79 131
10 31
101 149
54 74
73 87
18 151
59 189
100 190
133 138
12 77
31 90
17 192
91 141
3 28
75 133
94 146
154 197
195 198
66 84
24 87
65 88
10 152
68 93
54 195
109 131
147 157
188 195
12 198
86 147
3 149
77 98
22 162
42 77
121 141
19 93
79 144
98 157
184 197
10 44
63 136
82 149
54 87
40 152
12 90
31 103
72 104
75 146
116 147
176 198
33 149
52 162
93 163
5 50
46 88
10 165
51 166
49 93
68 106
7 96
40 44
86 160
39 48
58 98
42 90
28 155
102 104
47 168
0 93
19 106
60 107
5 171
13 32
51 58
104 150
123 163
16 37
35 50
21 152
40 165
81 166
34 91
53 104
37 96
56 109
157 161
9 34
28 47
74 163
93 176
5 63
49 106
90 107
35 171
169 171
7 109
26 122
153 163
39 61
70 165
23 53
28 168
47 181
0 106
41 107
60 120
32 58
44 112
104 163
164 177
16 50
35 63
62 166
34 104
39 182
37 109
56 122
138 161
157 174
9 47
14 125
55 126
160 179
8 51
27 64
32 179
118 182
11 56
30 69
90 120
35 184
76 185
150 171
2 7
29 110
48 123
134 163
153 176
20 61
6 126
92 166
111 179
9 168
64 67
83 117
69 182
41 120
27 185
85 126
30 190
38 51
164 190
57 64
2 128
62 179
103 180
15 67
20 182
106 185
39 195
18 72
78 123
97 136
138 174
50 61
36 126
55 139
96 177
8 64
27 77
118 195
71 120
112 121
115 126
175 177
1 24
6 139
18 193
92 179
133 180
45 67
105 118
69 195
110 196
3 70
22 83
8 185
127 136
11 190
145 190
57 77
43 142
84 180
103 193
189 196
15 80
87 185
59 123
4 187
77 140
80 145
140 196
33 70
52 83
38 185
57 198
98 199
131 147
10 86
175 190
1 37
54 129
31 145
105 131
3 83
22 96
8 198
66 139
167 191
19 27
24 142
43 155
84 193
63 70
82 83
87 198
100 137
31 37
17 139
77 153
163 193
75 80
33 83
52 96
93 97
79 199
10 99
54 142
73 155
114 156
67 81
12 145
86 94
31 158
72 159
158 199
70 86
149 150
88 140
107 153
19 40
5 105
46 143
63 83
68 161
21 86
141 151
12 37
58 153
42 145
102 159
14 46
74 97
19 161
93 110
32 100
51 113
156 166
95 156
114 169
26 56
67 94
72 172
70 99
56 164
28 102
14 167
129 154
148 167
0 40
5 118
46 156
151 172
44 46
49 161
68 174
21 99
7 164
81 113
34 38
39 116
125 156
42 158
83 159
102 172
14 59
0 161
41 162
60 175
32 113
51 126
95 169
136 170
7 56
48 57
34 159
139 175
6 60
92 100
56 177
97 178
9 102
50 103
129 167
148 180
41 54
27 119
60 67
113 159
71 162
90 175
2 62
103 114
122 127
34 51
20 116
39 129
125 169
37 56
124 173
143 186
36 60
55 73
96 111
25 167
99 116
159 167
16 118
57 119
2 183
29 57
34 172
139 188
6 73
37 177
92 113
97 191
50 116
36 181
69 129
55 194
110 130
8 119
154 173
173 186
11 124
30 137
71 175
90 188
131 189
2 75
84 114
103 127
48 191
122 140
1 79
106 132
6 194
166 183
18 19
23 134
105 173
124 186
143 199
36 73
22 138
8 11
25 180
66 181
99 129
85 194
57 132
117 183
10 20
29 70
15 135
161 189
78 191
31 79
91 130
36 194
110 143
3 17
22 30
8 132
94 135
173 199
66 73
11 137
52 138
85 86
112 189
24 76
43 89
29 191
84 127
115 194
87 132
128 133
59 70
17 73
22 151
61 79
80 92
121 130
140 143
24 197
98 146
184 186
15 148
101 151
54 76
73 89
18 153
31 92
58 195
91 143
3 30
75 135
94 148
33 138
52 151
179 192
24 89
65 90
10 154
68 95
109 133
128 146
147 159
26 98
45 148
58 87
3 151
77 100
130 192
42 79
61 92
47 157
80 105
121 143
0 82
19 95
79 146
32 34
82 151
101 164
35 39
21 141
54 89
40 154
53 93
56 98
116 149
9 23
135 162
47 49
33 151
93 165
5 52
46 90
10 167
68 108
109 146
7 98
26 111
67 149
86 162
39 50
70 154
89 167
42 92
83 93
28 157
102 106
47 170
19 108
5 173
13 34
32 47
51 60
104 152
123 165
16 39
95 103
81 168
53 106
72 119
37 98
116 162
157 163
9 36
28 49
160 168
93 178
13 155
32 168
16 160
49 108
150 160
134 152
172 178
20 50
39 63
111 168
9 157
83 106
28 170
102 119
41 109
60 122
146 162
13 47
44 114
104 165
123 178
164 179
16 52
2 117
62 168
20 171
39 184
6 7
37 111
78 112
23 176
157 176
96 166
160 181
13 168
99 171
118 184
30 71
16 173
90 122
35 186
76 187
2 9
29 112
48 125
20 63
6 128
92 168
111 181
152 182
9 170
64 69
69 184
108 112
8 174
41 122
85 128
30 192
145 179
38 53
164 192
2 130
76 79
103 182
122 195
120 122
20 184
6 20
4 176
18 74
59 112
78 125
138 176
17 115
50 63
36 128
55 141
96 179
8 66
99 184
118 197
38 174
71 122
112 123
115 128
175 179
6 141
133 182
152 195
45 69
105 120
91 185
124 133
3 72
22 85
8 187
94 190
66 128
85 141
126 142
186 193
38 66
24 131
43 144
103 195
189 198
1 147
59 125
4 189
100 126
119 139
12 13
3 193
163 182
80 147
121 185
52 85
54 131
133 195
174 196
45 82
31 147
91 198
75 190
66 141
107 142
126 155
19 29
24 144
84 195
170 198
82 85
68 150
1 160
40 88
100 139
119 152
12 26
31 39
77 155
163 195
42 134
75 82
121 198
33 85
19 150
10 101
54 144
114 158
7 32
26 45
12 147
67 83
86 96
72 161
70 88
149 152
28 91
88 142
148 156
19 42
5 107
46 145
65 158
49 150
68 163
21 88
7 153
40 101
26 166
81 102
141 153
42 147
14 48
0 150
19 163
60 164
93 112
137 155
35 107
95 158
114 171
7 45
34 148
67 96
53 161
72 174
37 153
70 101
28 104
14 169
47 117
88 155
129 156
0 42
46 158
132 161
49 163
2 51
62 102
7 166
141 166
34 40
20 105
125 158
144 171
23 110
56 58
83 161
143 175
14 61
0 163
41 164
60 177
13 102
32 115
44 169
16 107
35 120
76 121
117 159
136 172
29 46
48 59
34 161
120 164
139 177
111 115
97 180
9 104
50 105
69 118
14 182
27 121
173 175
25 48
44 61
30 126
71 164
90 177
29 167
62 115
122 129
6 183
166 172
4 110
23 123
83 174
124 175
36 62
127 180
99 118
44 182
85 183
118 131
159 169
16 120
2 185
117 172
136 185
29 59
15 124
120 177
139 190
18 129
59 167
78 180
92 115
97 193
110 132
55 196
113 174
173 188
30 139
112 178
43 78
84 116
103 129
48 193
115 183
15 16
6 196
166 185
18 21
22 140
108 180
25 182
66 183
80 81
98 135
43 199
10 22
15 137
101 140
161 191
18 142
59 180
78 193
31 81
17 183
91 132
3 19
22 32
8 134
75 124
94 137
154 188
66 75
11 139
52 140
112 191
24 78
10 143
43 91
84 129
54 186
87 134
147 148
45 137
64 150
105 188
17 75
22 153
149 194
61 81
66 196
140 145
19 84
79 135
24 199
82 140
101 153
142 191
73 91
31 94
17 196
58 197
72 95
94 150
135 151
176 189
93 154
179 194
5 41
46 79
65 92
137 197
54 199
128 148
188 199
26 100
67 138
58 89
70 143
89 156
130 194
42 81
61 94
88 197
0 84
19 97
79 148
32 36
63 140
82 153
123 154
35 41
40 156
12 94
53 95
72 108
116 151
9 25
28 38
88 89
74 154
93 167
5 54
46 92
32 157
65 105
51 170
7 100
67 151
20 39
89 169
83 95
28 159
47 172
41 98
146 151
13 36
32 49
63 153
62 157
34 95
39 173
37 100
56 113
157 165
14 116
74 167
160 170
27 55
13 157
32 170
118 173
51 183
30 60
16 162
71 98
35 175
48 114
134 154
172 180
20 52
39 65
92 157
4 44
23 57
83 108
28 172
69 173
27 176
60 124
25 103
44 116
30 181
145 168
16 54
2 119
62 170
122 184
39 186
4 165
37 113
23 178
97 127
138 165
157 178
50 52
96 168
8 55
27 68
118 186
71 111
57 176
76 189
29 114
48 127
134 167
92 170
105 109
50 173
69 186
110 187
108 114
8 176
27 189
25 116
66 117
11 181
30 194
145 181
38 55
164 194
57 68
2 132
43 133
84 171
103 184
117 119
122 197
87 176
20 186
106 189
18 76
4 178
59 114
78 127
64 192
119 128
36 130
22 195
55 143
182 184
8 68
99 186
140 187
52 74
38 176
131 138
29 127
115 130
15 192
175 181
1 28
73 133
193 198
45 71
31 136
50 186
64 84
91 187
105 122
3 74
22 87
8 189
66 130
11 194
85 143
43 146
84 184
103 197
170 187
1 149
87 189
18 89
59 127
45 192
12 15
17 130
3 195
77 144
61 136
33 74
79 190
24 25
82 195
115 143
54 133
114 147
26 34
12 136
31 149
47 93
88 131
107 144
0 18
19 31
79 82
24 146
63 74
82 87
68 152
109 190
21 77
40 90
12 28
58 144
42 136
61 149
33 87
74 88
19 152
93 101
10 103
51 104
63 195
21 198
54 146
95 147
155 198
26 47
12 149
53 150
67 85
72 163
86 98
70 90
89 103
130 141
28 93
47 106
148 158
0 31
19 44
65 160
151 163
49 152
40 103
26 168
141 155
39 107
125 147
42 149
83 150
102 163
14 50
0 152
13 91
51 117
16 96
35 109
95 160
136 161
7 47
139 166
72 176
37 155
56 168
9 93
28 106
69 107
14 171
129 158
41 45
5 122
25 37
44 50
49 165
90 166
7 168
81 117
34 42
37 47
143 177
14 63
55 64
41 166
96 102
60 179
13 104
25 158
32 117
44 171
99 107
16 109
2 174
35 122
76 123
29 48
34 163
120 166
139 179
37 168
78 169
97 182
50 107
129 171
41 58
27 123
132 176
173 177
25 50
11 115
44 63
30 128
90 179
2 66
103 118
48 182
20 120
6 185
185 187
4 112
64 126
143 190
55 77
41 179
96 115
108 169
25 171
99 120
44 184
118 133
159 171
38 110
57 123
117 174
29 61
59 169
97 195
91 121
36 185
55 198
3 8
8 123
27 136
173 190
11 128
71 179
131 193
24 67
43 80
84 118
1 83
6 198
59 61
45 126
17 64
36 77
77 78
168 196
85 198
38 123
57 136
98 137
10 24
101 142
161 193
54 67
73 80
18 144
100 183
119 196
31 83
17 185
91 134
77 199
110 147
3 21
154 190
33 129
10 145
1 96
54 188
128 137
147 150
45 139
191 193
3 142
77 91
89 145
130 183
149 196
42 70
61 83
80 96
66 198
140 147
19 86
79 137
98 150
184 190
10 37
63 129
82 142
101 155
54 80
40 145
100 196
12 83
31 96
75 139
135 153
33 142
46 81
10 158
51 159
49 86
68 99
109 137
26 102
58 91
89 158
42 83
88 199
60 100
5 164
79 150
13 25
32 38
63 142
82 155
123 156
35 43
81 159
34 84
53 97
37 89
116 153
9 27
14 105
93 169
5 56
46 94
32 159
49 99
35 164
7 102
26 115
67 153
20 41
39 54
70 158
23 46
83 97
28 161
0 99
41 100
5 177
165 166
32 51
44 105
104 156
123 169
164 170
2 108
21 158
35 56
62 159
34 97
53 110
97 116
157 167
9 40
14 118
74 169
27 57
30 62
16 164
71 100
90 113
76 178
150 164
29 103
48 116
153 169
20 54
6 119
39 67
92 159
111 172
4 46
23 59
9 161
83 110
69 175
41 113
27 178
25 105
44 118
104 169
38 44
2 121
62 172
103 173
20 175
106 178
59 103
4 167
23 180
157 180
50 54
55 132
160 185
27 70
13 172
99 175
30 75
71 113
57 178
112 114
29 116
115 119
15 181
1 17
6 132
92 172
152 186
4 59
45 60
64 73
105 111
22 76
108 116
127 129
66 119
85 132
30 196
145 183
38 57
122 199
1 138
87 178
18 78
4 180
59 116
119 130
64 194
17 119
182 186
140 189
11 75
112 127
98 192
131 140
10 79
115 132
15 194
101 197
175 183
1 30
54 122
133 186
31 138
64 86
3 76
22 89
108 129
94 194
66 132
11 196
107 133
167 184
19 20
186 197
24 135
43 148
84 186
128 192
40 79
100 130
45 194
119 143
17 132
58 133
3 197
163 186
61 138
80 151
121 189
52 89
38 191
79 192
82 197
54 135
73 148
114 149
155 187
26 36
67 74
86 87
158 192
70 79
89 92
88 133
33 197
0 20
126 159
167 197
5 98
65 149
63 76
49 141
68 154
109 192
40 92
67 195
141 144
12 30
58 146
144 149
14 39
0 141
74 90
19 154
32 93
63 197
51 106
156 159
35 98
95 149
7 36
26 49
67 87
53 152
72 165
70 92
56 157
130 143
9 82
28 95
88 146
129 147
5 111
132 152
151 165
68 167
21 92
62 93
81 106
26 170
125 149
102 165
60 168
32 106
51 119
16 98
95 162
7 49
53 165
139 168
6 53
92 93
9 95
69 109
14 173
129 160
148 173
27 112
113 152
151 178
44 52
90 168
2 55
62 106
7 170
48 171
34 44
125 162
4 101
37 49
23 114
83 165
36 53
55 66
41 168
96 104
60 181
127 171
159 160
16 111
57 112
2 176
76 125
117 163
136 176
29 50
34 165
120 168
139 181
6 66
37 170
78 171
97 184
50 109
14 186
110 123
8 112
27 125
154 166
25 52
11 117
71 168
90 181
43 69
29 171
84 107
48 184
103 120
1 72
87 112
6 187
166 176
23 127
64 128
124 179
17 53
143 192
55 79
96 117
108 171
127 184
99 122
85 187
38 112
57 125
2 189
43 190
76 138
78 184
31 72
17 174
50 122
91 123
3 10
8 125
94 128
154 179
173 192
11 130
112 182
24 69
84 120
29 184
115 187
1 85
87 125
106 138
45 128
58 67
22 144
168 198
121 123
79 126
24 190
98 139
82 131
15 141
101 144
142 182
161 195
54 69
73 82
18 146
119 198
12 72
31 85
91 136
75 128
94 141
176 180
33 131
52 144
179 185
112 195
65 83
68 88
54 190
109 126
147 152
188 190
45 141
86 142
3 144
130 185
42 72
47 150
80 98
121 136
98 152
142 195
54 82
40 147
12 85
72 99
56 91
42 193
116 142
135 155
33 144
74 145
93 158
46 83
65 96
51 161
128 152
21 26
7 91
26 104
67 142
86 155
39 43
83 86
28 150
0 88
19 101
60 102
13 27
32 40
123 158
16 32
35 45
21 147
40 160
34 86
39 164
37 91
9 29
28 42
14 107
74 158
160 161
5 58
46 96
32 161
51 174
49 101
35 166
150 153
7 104
134 145
67 155
153 158
20 43
39 56
111 161
23 48
9 150
83 99
41 102
60 115
5 179
146 155
13 40
25 94
44 107
104 158
123 171
2 110
62 161
122 175
34 99
20 164
78 105
23 169
97 118
157 169
14 120
160 174
8 46
27 59
13 161
99 164
11 51
30 64
71 102
90 115
29 105
48 118
134 158
20 56
6 121
92 161
111 174
152 175
4 48
23 61
50 164
69 177
25 107
85 121
30 185
38 46
164 185
57 59
2 123
62 174
103 175
15 62
20 177
106 180
18 67
78 118
23 182
97 131
17 108
50 56
96 172
11 64
30 77
112 116
115 121
15 183
1 19
73 124
6 134
92 174
133 175
45 62
105 113
50 177
110 191
22 78
94 183
66 121
11 185
85 134
30 198
57 72
103 188
15 75
1 140
87 180
106 193
147 194
18 80
4 182
59 118
100 119
17 121
3 186
36 134
22 199
121 178
140 191
33 65
38 180
112 129
57 193
10 81
115 134
15 196
101 199
1 32
54 124
73 137
133 188
174 189
45 75
31 140
91 191
177 194
3 78
22 91
75 183
33 186
66 134
52 199
107 135
126 148
19 22
186 199
24 137
84 188
1 153
40 81
100 132
86 197
119 145
12 19
3 199
77 148
80 153
33 78
52 91
10 94
51 95
63 186
82 199
54 137
114 151
7 25
67 76
12 140
86 89
158 194
70 81
89 94
75 196
116 197
28 84
107 148
49 143
82 91
21 81
40 94
125 138
58 148
42 140
61 153
102 154
14 41
0 143
74 92
93 105
146 197
32 95
63 199
51 108
114 164
34 141
67 89
53 154
72 167
56 159
9 84
28 97
14 162
148 162
0 35
5 113
46 151
132 154
68 169
21 94
7 159
81 108
141 159
37 38
83 154
14 54
0 156
74 105
60 170
13 95
32 108
44 162
16 100
35 113
117 152
136 165
29 39
120 157
139 170
6 55
37 159
92 95
56 172
97 173
9 97
50 98
129 162
41 49
27 114
113 154
132 167
25 41
44 54
62 108
48 173
20 111
106 114
83 167
55 68
41 170
96 106
60 183
13 108
25 162
159 162
16 113
57 114
2 178
76 127
29 52
15 117
120 170
139 183
6 68
18 122
78 173
92 108
97 186
36 176
69 124
55 189
8 114
27 127
113 167
173 181
25 54
30 132
131 184
84 109
29 173
103 122
1 74
6 189
4 116
45 117
64 130
105 168
124 181
17 55
36 68
96 119
25 175
99 124
85 189
57 127
98 128
10 15
15 130
101 133
1 195
142 171
161 184
54 58
18 135
78 186
31 74
91 125
36 189
75 117
8 127
94 130
66 68
11 132
52 133
112 184
131 197
43 84
29 186
84 122
1 87
87 127
73 192
45 130
64 143
105 181
17 68
58 69
3 133
22 146
149 187
61 74
80 87
66 189
121 125
19 77
38 127
79 128
98 141
82 133
101 146
142 184
161 197
54 71
100 187
12 74
31 87
58 190
91 138
3 25
61 195
176 182
52 146
93 147
179 187
65 85
10 149
49 77
68 90
109 128
147 154
188 192
26 93
12 195
67 131
191 197
58 82
3 146
70 136
130 187
61 87
47 152
88 190
19 90
79 141
63 133
123 147
40 149
12 87
53 88
56 93
42 195
135 157
28 31
74 147
93 160
5 47
46 85
32 150
49 90
68 103
21 28
7 93
26 106
39 45
28 152
47 165
5 168
13 29
32 42
51 55
123 160
16 34
35 47
95 98
81 163
53 101
56 106
97 107
157 158
28 44
14 109
27 48
13 150
32 163
118 166
51 176
30 53
16 155
71 91
7 106
48 107
134 147
153 160
172 173
39 58
92 150
111 163
4 37
23 50
9 152
83 101
69 166
41 104
60 117
146 157
13 42
25 96
44 109
30 174
104 160
145 161
164 174
81 176
122 177
20 166
39 179
78 107
23 171
138 158
157 171
96 161
160 176
8 48
99 166
118 179
11 53
16 168
57 169
90 117
76 182
29 107
48 120
20 58
6 123
92 163
111 176
152 177
4 50
23 63
50 166
110 180
27 182
25 109
11 174
30 187
145 174
164 187
2 125
43 126
122 190
15 64
20 179
106 182
18 69
59 107
23 184
138 171
17 110
36 123
55 136
96 174
8 61
99 179
140 180
11 66
52 67
38 169
112 118
57 182
76 195
29 120
115 123
1 21
6 136
18 190
64 77
50 179
91 180
3 67
22 80
8 182
66 123
52 188
85 136
126 137
167 175
43 139
170 180
103 190
15 77
1 142
87 182
147 196
18 82
17 123
77 137
163 177
182 190
121 180
33 67
52 80
112 131
98 196
115 136
54 126
73 139
174 191
26 27
12 129
94 198
47 86
33 188
107 137
0 11
167 188
19 24
63 67
1 155
128 196
45 198
86 199
12 21
58 137
77 150
163 190
42 129
75 77
61 142
80 155
121 193
162 194
74 81
19 145
93 94
79 196
165 199
10 96
51 97
63 188
21 191
54 139
95 140
114 153
7 27
26 40
12 142
86 91
31 155
72 156
70 83
89 96
75 198
130 134
28 86
47 99
88 137
148 151
0 24
5 102
46 140
65 153
192 194
63 80
21 83
7 148
39 100
102 156
0 145
19 158
32 97
51 110
137 150
16 89
95 153
7 40
53 156
72 169
56 161
9 86
28 99
69 100
14 164
5 115
46 153
25 30
49 158
90 159
2 46
62 97
7 161
81 110
26 174
34 35
39 113
125 153
37 40
23 105
102 169
0 158
41 159
60 172
99 100
44 164
16 102
2 167
35 115
76 116
48 54
34 156
120 159
139 172
92 97
37 161
56 174
50 100
69 113
8 103
27 116
132 169
25 43
11 108
44 56
30 121
71 159
90 172
2 59
48 175
20 113
106 116
6 178
166 167
4 105
105 157
17 44
143 183
36 57
96 108
25 164
85 178
118 126
159 164
38 103
2 180
29 54
120 172
18 124
59 162
92 110
97 188
50 113
91 114
110 127
27 129
173 183
11 121
71 172
112 173
24 60
43 73
29 175
103 124
48 188
115 178
1 76
87 116
106 129
45 119
105 170
17 57
3 122
108 175
127 188
66 178
85 191
57 129
98 130
43 194
10 17
101 135
142 173
161 186
59 175
78 188
119 189
12 63
31 76
91 127
36 191
110 140
94 132
154 183
66 70
112 186
65 74
84 124
115 191
54 181
45 132
86 133
31 197
58 71
3 135
89 138
42 63
80 89
121 127
107 192
79 130
24 194
98 143
82 135
101 148
54 73
100 189
31 89
17 191
58 192
72 90
75 132
176 184
33 135
179 189
46 74
10 151
137 192
49 79
68 92
54 194
109 130
128 143
26 95
67 133
58 84
70 138
89 151
42 76
28 141
88 192
0 79
19 92
5 157
46 195
79 143
63 135
123 149
35 36
21 138
81 152
34 77
53 90
72 103
42 197
116 146
9 20
135 159
28 33
176 197
14 98
5 49
46 87
49 92
109 143
21 30
7 95
26 108
67 146
20 34
39 47
70 151
23 39
9 141
28 154
102 103
41 93
60 106
5 170
13 31
32 44
104 149
123 162
16 36
21 151
34 90
20 155
53 103
39 168
37 95
56 108
9 33
14 111
74 162
27 50
13 152
32 165
118 168
16 157
90 106
150 157
48 109
134 149
153 162
20 47
6 112
39 60
92 152
23 52
50 155
83 103
69 168
27 171
25 98
44 111
104 162
16 49
2 114
62 165
122 179
15 53
20 168
106 171
39 181
18 58
97 122
138 160
157 173
36 112
55 125
160 178
27 63
13 165
118 181
71 106
76 184
48 122
134 162
6 125
92 165
133 166
4 52
45 53
110 182
22 69
108 109
27 184
85 125
145 176
38 50
57 63
2 127
84 166
103 179
122 192
15 66
1 131
87 171
106 184
59 109
4 173
119 123
17 112
36 125
22 190
55 138
8 63
99 181
140 182
11 68
52 69
38 171
10 72
115 125
101 190
133 179
152 192
45 66
105 117
91 182
3 69
75 174
8 184
94 187
11 189
126 139
167 177
24 128
43 141
84 179
170 182
189 195
1 144
87 184
147 198
100 123
45 187
119 136
3 190
163 179
182 192
61 131
80 144
121 182
140 195
181 196
52 82
38 184
79 185
10 85
82 190
54 128
155 180
174 193
26 29
12 131
91 195
177 198
33 190
0 13
167 190
19 26
5 91
65 142
68 147
128 198
40 85
67 188
100 136
12 23
70 193
77 152
42 131
162 196
0 134
33 82
19 147
74 83
93 96
32 86
63 190
137 139
35 91
21 193
95 142
114 155
7 29
67 80
53 145
86 93
158 198
70 85
9 75
28 88
47 101
129 140
148 153
65 155
192 196
49 147
68 160
109 198
150 199
21 85
62 86
7 150
141 150
39 102
125 142
144 155
42 144
102 158
0 147
74 96
19 160
60 161
13 86
51 112
16 91
35 104
7 42
53 158
180 199
72 171
37 150
9 88
69 102
14 166
129 153
148 166
113 145
46 155
25 32
151 171
44 45
30 110
49 160
90 161
2 48
48 164
34 37
37 42
83 158
102 171
36 46
55 59
41 161
60 174
99 102
16 104
57 105
2 169
76 118
117 156
136 169
48 56
34 158
139 174
6 59
92 99
111 112
97 177
50 102
14 179
25 45
11 110
30 123
71 161
90 174
43 62
48 177
87 105
20 115
106 118
64 121
124 172
36 59
22 124
41 174
55 72
96 110
108 164
25 166
99 115
44 179
85 180
38 105
57 118
2 182
43 183
76 131
120 174
161 175
18 126
59 164
78 177
97 190
17 167
11 123
52 124
112 175
131 188
24 62
29 177
103 126
115 180
1 78
87 118
73 183
106 131
45 121
124 185
58 60
22 137
108 177
127 190
168 191
66 180
85 193
38 118
24 183
98 132
10 19
82 124
101 137
1 199
161 188
54 62
73 75
100 178
119 191
17 180
91 129
77 194
75 121
94 134
80 199
24 75
115 193
156 194
109 119
1 91
54 183
31 199
77 86
89 140
130 178
149 191
47 143
66 193
80 91
121 129
79 132
24 196
63 124
101 150
142 188
183 189
21 127
40 140
100 191
72 92
116 135
61 199
135 148
176 186
195 199
33 137
74 138
93 151
5 38
46 76
65 89
51 154
68 94
54 196
95 197
109 132
128 145
26 97
86 148
70 140
89 153
130 191
42 78
88 194
0 81
19 94
5 159
63 137
104 138
123 151
35 38
21 140
81 154
34 79
39 157
125 197
37 84
56 97
42 199
9 22
28 35
14 100
46 89
49 94
90 95
134 138
26 110
67 148
39 49
111 154
83 92
69 157
102 105
41 95
60 108
5 172
146 148
13 33
44 100
104 151
123 164
164 165
122 168
34 92
20 157
37 97
23 162
97 111
9 35
96 152
160 167
8 39
99 157
11 44
30 57
71 95
90 108
35 172
48 111
134 151
153 164
20 49
92 154
23 54
69 170
8 160
44 113
30 178
145 165
38 39
164 178
2 116
122 181
20 170
106 173
18 60
59 98
23 175
97 124
138 162
55 127
8 52
27 65
99 170
11 57
71 108
57 173
76 186
29 111
15 176
48 124
1 12
92 167
4 54
45 55
105 106
50 170
110 184
3 58
108 111
8 173
27 186
66 114
30 191
43 130
84 168
103 181
87 173
106 186
147 187
18 73
4 175
59 111
119 125
64 189
17 114
36 127
77 128
163 168
80 133
121 171
140 184
52 71
112 122
57 186
10 74
15 189
101 192
175 178
1 25
54 117
133 181
174 182
45 68
31 133
91 184
177 187
110 197
3 71
22 84
75 176
94 189
66 127
107 128
52 192
186 192
24 130
10 195
84 181
189 197
1 146
87 186
100 125
45 189
119 138
17 127
3 192
77 141
163 181
61 133
80 146
181 198
52 84
79 187
54 130
73 143
114 144
155 182
7 18
174 195
26 31
12 133
67 69
31 146
158 187
70 74
116 190
88 128
33 192
107 141
0 15
126 154
5 93
170 197
63 71
49 136
82 84
68 149
40 87
81 88
26 152
67 190
70 195
42 133
61 146
102 147
162 198
14 34
74 85
93 98
32 88
63 192
51 101
137 141
35 93
95 144
114 157
26 44
67 82
53 147
28 90
14 155
47 103
88 141
129 142
0 28
5 106
46 144
65 157
132 147
49 149
62 88
7 152
81 101
141 152
125 144
23 96
9 198
83 147
102 160
14 47
41 150
