# family=hard seed=1
200 12527
32 101
44 155
16 93
35 106
76 107
95 157
29 32
34 147
53 160
139 163
6 48
37 152
56 165
9 90
50 91
69 104
14 168
148 168
41 42
113 147
132 160
25 34
44 47
30 112
7 165
48 166
20 104
6 169
39 117
4 96
23 109
96 99
41 163
127 166
13 101
25 155
44 168
99 104
57 107
76 120
117 158
29 45
15 110
48 58
120 163
139 176
6 61
37 165
50 104
36 169
69 117
55 182
110 118
8 107
113 160
154 161
11 112
103 115
48 179
106 120
6 182
166 171
4 109
105 161
124 174
143 187
36 61
22 126
127 179
25 168
66 169
85 182
38 107
57 120
98 121
43 185
15 123
1 188
59 166
78 179
119 180
91 118
36 182
110 131
3 5
75 110
8 120
94 123
173 187
11 125
115 182
73 185
45 123
105 174
17 61
58 62
3 126
108 179
168 193
61 67
126 196
38 120
24 185
43 198
10 21
82 126
101 139
161 190
54 64
73 77
59 179
119 193
12 67
31 80
17 182
58 183
91 131
3 18
75 123
94 136
135 137
33 126
52 139
93 140
112 190
5 27
10 142
68 83
54 185
109 121
73 198
114 199
128 134
26 86
12 188
67 124
70 129
149 193
42 67
61 80
80 93
88 183
121 131
0 70
19 83
79 134
24 198
65 199
63 126
82 139
123 140
142 190
183 191
40 142
141 194
12 80
72 94
116 137
9 11
176 188
0 191
33 139
74 140
93 153
179 193
5 40
32 143
51 156
137 196
109 134
54 198
95 199
7 86
26 99
70 142
89 155
130 193
171 194
9 132
42 80
28 145
47 158
88 196
19 96
5 161
46 199
13 22
104 140
123 153
16 27
35 40
21 142
62 143
81 156
34 81
53 94
72 107
116 150
9 24
28 37
27 41
32 156
51 169
30 46
16 148
35 161
48 100
134 140
39 51
4 30
9 145
28 158
41 97
60 110
5 174
146 150
25 89
44 102
104 153
16 40
2 105
62 156
81 169
122 170
37 99
78 100
23 164
138 151
157 164
14 115
55 116
27 54
13 156
99 159
11 46
30 59
16 161
20 51
6 116
92 156
111 169
152 170
4 43
23 56
69 172
110 173
8 162
25 102
11 167
44 115
30 180
85 116
145 167
164 180
43 119
103 170
122 183
15 57
87 162
106 175
18 62
4 164
59 100
78 113
64 178
17 103
36 116
96 167
99 172
11 59
52 60
57 175
76 188
29 113
115 116
15 178
1 14
6 129
133 170
45 57
64 70
105 108
91 173
3 60
94 178
66 116
11 180
126 130
38 54
24 119
43 132
84 170
15 70
147 189
18 75
59 113
100 114
64 191
17 116
3 181
36 129
22 194
77 130
163 170
182 183
80 135
121 173
140 186
33 60
52 73
79 176
112 124
98 189
115 129
101 194
18 196
133 183
193 197
12 122
45 70
31 135
177 189
3 73
75 178
94 191
47 79
107 130
0 4
126 143
65 133
170 186
189 199
109 176
1 148
21 63
40 76
100 127
45 191
119 140
58 130
3 194
77 143
163 183
42 122
61 135
80 148
121 186
162 187
19 138
79 189
165 192
51 90
82 194
54 132
114 146
7 20
174 197
26 33
72 149
88 130
33 194
5 95
63 73
68 151
109 189
21 76
7 141
81 90
67 192
39 93
58 143
125 133
102 149
14 36
146 192
13 77
32 90
63 194
51 103
104 195
16 82
35 95
21 197
114 159
155 197
7 33
67 84
72 162
37 141
56 154
9 79
28 92
69 93
14 157
129 144
148 157
46 146
151 162
49 151
2 39
7 154
81 103
26 167
134 195
20 93
39 106
125 146
144 159
23 98
83 149
14 49
0 151
41 152
60 165
32 103
44 157
16 95
2 160
117 147
136 160
29 34
34 149
53 162
139 165
6 50
97 168
9 92
50 93
69 106
129 157
8 96
27 109
113 149
132 162
25 36
44 49
30 114
71 152
90 165
2 52
62 103
103 104
48 168
106 109
6 171
4 98
64 112
124 163
36 50
96 101
41 165
127 168
25 157
99 106
44 170
85 171
118 119
38 96
57 109
2 173
76 122
117 160
29 47
15 112
120 165
139 178
6 63
18 117
59 155
78 168
92 103
97 181
50 106
8 109
94 112
27 122
113 162
154 163
173 176
112 166
84 104
103 117
48 181
115 171
1 69
87 109
6 184
45 112
124 176
17 50
127 181
168 182
25 170
66 171
85 184
24 174
57 122
43 187
15 125
161 179
18 130
59 168
78 181
119 182
36 184
77 185
94 125
80 190
52 128
112 179
131 192
115 184
1 82
54 174
87 122
45 125
86 126
31 190
105 176
58 64
3 128
22 141
108 181
149 182
168 195
61 69
80 82
66 184
107 185
126 198
19 72
79 123
10 23
82 128
101 141
161 192
31 82
17 184
77 198
75 125
116 126
61 190
135 139
19 193
93 142
5 29
46 67
65 80
10 144
137 185
68 85
109 123
128 136
26 88
191 192
58 77
89 144
42 69
47 147
88 185
19 85
5 150
79 136
63 128
49 193
82 141
123 142
183 193
21 131
40 144
141 196
12 82
53 83
72 96
42 190
116 139
135 152
176 190
0 193
74 142
93 155
179 195
46 80
51 158
137 198
49 85
68 98
109 136
21 23
26 101
67 139
39 40
70 144
130 195
171 196
23 32
28 147
47 160
0 85
41 86
32 37
104 142
21 144
81 158
34 83
39 161
37 88
56 101
97 102
138 140
14 104
13 145
32 158
159 199
51 171
30 48
71 86
35 163
7 101
48 102
134 142
153 155
20 40
39 53
111 158
9 147
69 161
27 164
60 112
25 91
30 169
104 155
145 156
164 169
16 42
62 158
122 172
15 46
34 96
18 51
4 153
37 101
23 166
78 102
138 153
157 166
55 118
96 156
160 171
8 43
27 56
13 158
99 161
11 48
30 61
71 99
57 164
90 112
76 177
48 115
134 155
1 3
92 158
133 159
152 172
50 161
110 175
8 164
27 177
66 105
85 118
145 169
2 120
84 159
122 185
1 124
106 177
18 64
4 166
78 115
23 179
64 180
17 105
22 183
55 131
140 175
11 61
52 62
38 164
57 177
10 65
15 180
133 172
152 185
45 59
31 124
105 110
110 188
22 75
8 177
108 115
66 118
11 182
85 131
167 170
38 56
24 121
43 134
84 172
170 175
1 137
147 191
59 115
119 129
64 193
58 119
22 196
61 124
80 137
140 188
181 189
33 62
52 75
79 178
112 126
10 78
82 183
115 131
155 173
193 199
12 124
158 178
91 188
177 191
75 180
94 193
47 81
33 183
88 119
107 132
126 145
24 134
65 135
68 140
128 191
40 78
26 143
100 129
12 16
3 196
77 145
89 199
80 150
121 188
0 127
74 76
79 191
32 79
63 183
21 186
95 135
40 199
114 148
155 186
7 22
26 35
12 137
67 73
72 151
158 191
56 143
89 91
116 194
28 81
47 94
33 196
74 197
107 145
0 19
46 135
63 75
109 191
150 192
62 79
26 156
67 194
125 135
70 199
144 148
42 137
83 138
102 151
146 194
32 92
63 196
51 105
104 197
137 145
21 199
95 148
7 35
34 138
180 192
37 143
56 156
9 81
69 95
129 146
148 159
113 138
132 151
49 153
90 154
2 41
62 92
7 156
48 157
81 105
134 197
20 95
39 108
4 87
23 100
143 165
14 51
41 154
25 146
16 97
2 162
76 111
117 149
136 162
29 36
48 49
34 151
120 154
139 167
37 156
78 157
69 108
55 173
129 159
27 111
113 151
132 164
25 38
131 168
43 55
84 93
103 106
87 98
106 111
6 173
36 52
96 103
108 157
127 170
25 159
99 108
85 173
38 98
57 111
2 175
29 49
120 167
6 65
18 119
78 170
97 183
17 160
50 108
36 173
110 122
55 186
8 111
94 114
71 167
131 181
103 119
87 111
73 176
6 186
106 124
105 165
3 117
108 170
127 183
85 186
38 111
79 112
98 125
43 189
82 117
101 130
1 192
142 168
12 58
31 71
36 186
77 187
3 9
80 192
154 178
33 117
52 130
112 181
24 68
65 69
10 133
156 187
68 74
1 84
109 112
12 179
31 192
58 66
3 130
77 79
22 143
149 184
42 58
61 71
80 84
66 186
107 187
121 122
79 125
63 117
68 195
101 143
142 181
100 184
31 84
72 85
75 127
116 128
33 130
74 131
19 195
179 184
46 69
65 82
51 147
137 187
49 74
68 87
54 189
109 125
128 138
7 77
26 90
12 192
67 128
86 141
58 79
70 133
89 146
130 184
149 197
190 198
42 71
28 136
47 149
88 187
60 88
5 152
46 190
104 131
49 195
123 144
16 18
21 133
7 198
40 146
81 147
34 72
72 98
125 190
37 77
56 90
116 141
9 15
176 192
0 195
179 197
5 44
46 82
51 160
49 87
35 152
67 141
20 29
37 198
70 146
111 147
171 198
23 34
28 149
0 87
60 101
13 26
32 39
44 93
123 157
62 147
81 160
34 85
20 150
39 163
37 90
23 155
56 103
138 142
9 28
55 107
8 32
13 147
32 160
118 163
11 37
30 50
16 152
71 88
35 165
48 104
153 157
20 42
23 47
9 149
50 150
83 98
69 163
41 101
27 166
44 106
85 107
30 171
145 158
164 171
2 109
62 160
103 161
122 174
15 48
20 163
39 176
18 53
4 155
59 91
78 104
97 117
36 107
55 120
96 158
27 58
99 163
118 176
11 50
30 63
16 165
76 179
29 104
15 169
48 117
18 174
133 161
4 47
45 48
50 163
3 51
22 64
8 166
25 106
66 107
11 171
30 184
145 171
24 110
57 58
43 123
103 174
1 126
87 166
106 179
59 104
4 168
45 169
78 117
64 182
77 121
22 185
80 126
121 164
33 51
52 64
38 166
112 115
115 120
15 182
101 185
1 18
54 110
73 123
45 61
31 126
91 177
75 169
8 179
108 117
107 121
52 185
126 134
167 172
43 136
84 174
170 177
1 139
87 179
128 180
40 67
100 118
45 182
119 131
58 121
163 174
80 139
121 177
140 190
181 191
33 64
52 77
79 180
98 193
10 80
82 185
101 198
54 123
40 188
174 188
12 126
31 139
72 140
158 180
177 193
75 182
135 196
47 83
33 185
88 121
107 134
0 8
93 199
19 21
5 86
46 124
65 137
170 190
63 64
109 180
40 80
26 145
67 183
86 196
100 131
70 188
61 139
162 191
74 78
19 142
165 196
32 81
63 185
123 199
95 137
114 150
7 24
26 37
12 139
53 140
72 153
158 193
70 80
56 145
130 131
116 196
9 70
28 83
47 96
33 198
74 199
88 134
5 99
46 137
65 150
132 140
68 155
109 193
7 145
81 94
67 196
141 145
153 199
20 84
39 97
125 137
144 150
9 191
42 139
14 40
0 142
41 143
13 81
32 94
16 86
95 150
136 151
7 37
53 153
139 156
6 41
37 145
56 158
97 159
9 83
50 84
69 97
14 161
148 161
27 100
25 27
151 166
90 156
134 199
20 97
6 162
39 110
125 150
23 102
83 153
124 154
143 167
60 169
13 94
44 161
16 99
2 164
76 113
136 164
29 38
34 153
120 156
92 94
37 158
78 159
97 172
50 97
36 162
110 111
55 175
8 100
27 113
113 153
25 40
30 118
71 156
90 169
43 57
84 95
103 108
48 172
1 60
87 100
106 113
105 154
124 167
143 180
36 54
22 119
55 67
25 161
99 110
38 100
57 113
2 177
43 178
117 164
29 51
15 116
78 172
119 173
31 60
55 188
75 103
94 116
173 180
11 118
112 170
24 57
43 70
29 172
115 175
1 73
87 113
73 178
45 116
108 172
149 173
66 175
85 188
38 113
24 178
43 191
10 14
82 119
142 170
54 57
31 73
17 175
58 176
91 124
3 11
52 132
5 20
24 70
65 71
109 114
54 178
73 191
26 79
67 117
86 130
31 194
77 81
130 173
149 186
42 60
168 199
47 138
88 176
107 189
121 124
0 63
19 76
79 127
24 191
65 192
63 119
82 132
68 197
183 184
21 122
54 70
40 135
100 186
141 187
12 73
53 74
72 87
58 189
56 79
116 130
61 194
135 143
176 181
33 132
74 133
19 197
179 186
198 199
46 71
65 84
10 148
49 76
68 89
54 191
109 127
26 92
12 194
70 135
89 148
171 187
42 73
28 138
47 151
88 189
19 89
60 90
5 154
46 192
63 132
104 133
123 146
16 20
21 135
40 148
81 149
34 74
39 152
72 100
125 192
37 79
42 194
83 195
28 30
14 95
0 197
74 146
93 159
27 34
46 84
49 89
34 195
39 44
92 136
23 36
9 138
83 87
28 151
69 152
60 103
5 167
113 195
13 28
44 95
104 146
16 33
62 149
81 162
122 163
34 87
20 152
97 106
14 108
55 109
160 162
8 34
13 149
99 152
32 162
30 52
16 154
71 90
76 168
29 93
48 106
92 149
111 162
4 36
23 49
50 152
69 165
8 155
41 103
27 168
25 95
11 160
85 109
164 173
43 112
103 163
59 93
23 170
97 119
138 157
96 160
8 47
118 178
57 168
15 171
73 112
18 176
45 50
50 165
85 122
30 186
38 47
24 112
43 125
84 163
15 63
1 128
87 168
147 182
18 68
4 170
45 171
59 106
64 184
119 120
17 109
3 174
36 122
77 123
80 128
121 166
140 179
33 53
112 117
57 181
98 182
115 122
101 187
54 112
174 177
12 115
31 128
91 179
177 182
110 192
3 66
75 171
94 184
33 174
52 187
126 136
167 174
24 125
65 126
10 190
170 179
87 181
40 69
86 185
77 136
89 190
61 128
181 193
19 131
63 174
51 83
82 187
54 125
95 126
7 13
12 128
31 141
72 142
177 195
75 184
28 72
47 85
19 23
5 88
46 126
65 139
63 66
49 131
68 144
128 195
169 196
81 83
26 147
67 185
86 198
125 126
58 136
70 190
42 128
28 193
61 141
102 142
162 193
14 29
0 131
74 80
13 70
51 96
114 152
155 190
7 26
26 39
34 129
53 142
56 147
9 72
14 150
88 136
129 137
132 142
151 155
192 193
90 145
150 196
2 32
7 147
81 96
26 160
39 99
125 139
23 91
83 142
102 155
143 156
14 42
41 145
146 198
13 83
32 96
44 150
16 88
35 101
76 102
117 140
34 142
120 145
139 158
180 196
6 43
37 147
97 161
138 199
69 99
14 163
55 164
113 142
132 155
25 29
71 145
90 158
2 45
29 148
48 161
6 164
23 104
143 169
36 43
127 161
85 164
76 115
48 53
120 158
139 171
18 110
59 148
92 96
97 174
50 99
91 100
36 164
110 113
55 177
8 102
27 115
113 155
11 107
71 158
112 159
131 172
24 46
43 59
29 161
103 110
48 174
115 164
87 102
4 104
45 105
36 56
108 161
38 102
24 167
57 115
43 180
98 116
15 118
1 183
161 172
18 123
59 161
78 174
31 62
91 113
36 177
77 178
110 126
75 105
94 118
154 169
11 120
52 121
24 59
10 124
43 72
84 110
1 75
87 115
45 118
64 131
105 169
17 56
3 121
108 174
168 188
61 62
66 177
107 178
126 191
19 65
79 116
24 180
10 16
82 121
101 134
54 59
40 124
100 175
12 62
31 75
17 177
72 76
77 191
80 196
52 134
93 135
5 22
46 60
10 137
137 178
156 191
49 65
68 78
128 129
26 81
12 183
67 119
31 196
86 132
58 70
3 134
89 137
130 175
88 178
79 129
65 194
82 134
123 135
183 186
21 124
100 188
12 75
72 89
144 194
42 183
116 132
61 196
102 197
135 145
33 134
74 135
19 199
65 86
51 151
68 91
7 81
53 197
70 137
130 188
23 25
9 127
42 75
47 153
129 192
0 78
41 79
60 92
5 156
46 194
132 197
13 17
104 135
49 199
183 199
21 137
81 151
34 76
53 89
39 154
83 197
9 19
0 199
74 148
27 36
13 138
159 192
30 41
16 143
7 94
134 135
6 98
39 46
23 38
9 140
83 89
60 105
113 197
25 84
104 148
145 149
81 164
20 154
78 95
23 159
138 146
157 159
55 111
8 36
13 151
99 154
11 41
30 54
16 156
57 157
71 92
90 105
92 151
152 165
4 38
50 154
69 167
110 168
22 55
8 157
25 97
66 98
11 162
85 111
145 162
164 175
2 113
84 152
122 178
1 117
87 157
106 170
59 95
4 159
78 108
22 176
55 124
96 162
8 49
99 167
11 54
52 55
38 157
57 170
29 108
1 9
73 114
18 178
133 165
152 178
45 52
31 117
50 167
91 168
110 181
22 68
8 170
94 173
52 176
85 124
24 114
84 165
106 183
147 184
100 109
45 173
119 122
64 186
17 111
58 112
77 125
61 117
121 168
33 55
52 68
38 170
112 119
115 124
15 186
101 189
73 127
18 191
174 179
12 117
31 130
91 181
177 184
75 173
135 187
88 112
33 176
52 189
167 176
65 128
10 192
109 171
128 184
147 197
26 136
45 186
86 187
100 122
77 138
89 192
42 117
61 130
47 195
80 143
162 182
181 195
0 120
33 68
79 184
165 187
98 197
63 176
82 189
21 179
54 127
40 192
95 128
114 141
7 15
155 179
26 28
12 130
53 131
174 192
177 197
70 71
56 136
75 186
28 74
47 87
33 189
74 190
88 125
0 12
19 25
5 90
46 128
65 141
68 146
109 184
169 198
21 71
81 85
26 149
125 128
70 192
28 195
102 144
162 195
14 31
0 133
19 146
60 147
13 72
51 98
137 138
21 192
95 141
136 142
34 131
158 197
37 136
56 149
9 74
28 87
14 152
129 139
148 152
113 131
46 141
132 144
151 157
16 198
90 147
2 34
7 149
48 150
39 101
125 141
9 195
102 157
143 158
14 44
41 147
60 160
25 139
44 152
16 90
2 155
35 103
76 104
117 142
136 155
34 144
139 160
6 45
78 150
50 88
69 101
14 165
8 91
27 104
113 144
132 157
25 31
90 160
131 161
2 47
43 48
84 86
20 101
4 93
64 107
105 145
124 158
17 32
143 171
36 45
55 58
41 160
108 150
127 163
25 152
99 101
44 165
57 104
120 160
18 112
59 150
78 163
97 176
17 153
91 102
36 166
110 115
55 179
30 122
71 160
131 174
24 48
84 99
103 112
115 166
45 107
64 120
124 171
38 104
24 169
57 117
43 182
101 123
1 185
161 174
18 125
119 177
12 51
36 179
77 180
94 120
80 185
154 171
52 123
112 174
24 61
10 126
156 180
1 77
54 169
73 182
45 120
89 126
22 136
130 164
149 177
168 190
66 179
107 180
19 67
79 118
10 18
63 110
82 123
142 174
54 61
100 177
119 190
12 64
58 180
77 193
75 120
80 198
19 188
93 137
5 24
137 180
49 67
68 80
109 118
95 183
114 196
7 70
26 83
12 185
86 134
31 198
72 199
89 139
130 177
149 190
190 191
42 64
28 129
61 77
107 193
148 194
19 80
5 145
65 196
151 199
63 123
49 188
82 136
21 126
40 139
81 140
141 191
34 65
53 78
125 183
144 196
37 70
42 185
116 134
102 199
135 147
14 86
93 150
179 190
5 37
51 153
137 193
34 186
67 134
20 22
111 140
171 191
23 27
28 142
88 193
129 194
41 81
60 94
5 158
46 196
132 199
13 19
44 86
16 24
2 89
35 37
81 153
39 156
125 196
37 83
23 148
83 199
55 100
74 150
8 25
27 38
13 140
71 81
16 145
90 94
35 158
48 97
34 199
20 35
111 153
4 27
23 40
9 142
83 91
85 100
2 102
62 153
103 154
122 167
20 156
18 46
23 161
97 110
138 148
36 100
55 113
96 151
160 166
13 153
99 156
11 43
71 94
16 158
76 172
48 110
6 113
92 153
133 154
4 40
69 169
110 170
22 57
8 159
27 172
25 99
66 100
30 177
145 164
24 103
84 154
103 167
122 180
15 54
1 119
106 172
18 59
4 161
45 162
59 97
64 175
78 110
77 114
22 178
96 164
80 119
99 169
140 170
38 159
57 172
98 173
10 60
15 175
1 11
54 103
133 167
152 180
45 54
31 119
22 70
8 172
75 162
94 175
108 110
11 177
52 178
107 114
126 127
24 116
10 181
84 167
87 172
128 173
147 186
119 124
64 188
17 113
3 178
163 167
80 132
140 183
181 184
33 57
38 172
79 173
98 186
101 191
54 116
40 181
73 129
114 130
174 181
193 194
158 173
91 183
177 186
75 175
94 188
135 189
47 76
52 191
0 1
126 140
167 178
5 79
46 117
65 130
10 194
109 173
21 60
86 189
3 191
89 194
42 119
47 197
181 197
0 122
79 186
165 189
32 74
63 178
82 191
123 192
35 79
21 181
40 194
114 143
155 181
174 194
26 30
67 68
158 186
177 199
56 138
9 63
28 76
88 127
33 191
0 14
5 92
46 130
68 148
109 186
21 73
62 74
7 138
81 87
67 189
153 192
39 90
70 194
9 184
14 33
0 135
41 136
74 84
60 149
32 87
63 191
51 100
104 192
35 92
21 194
62 195
95 143
7 30
34 133
53 146
139 149
180 187
6 34
37 138
56 151
97 152
28 89
69 90
14 154
148 154
13 195
132 146
151 159
192 197
30 98
71 136
90 149
7 151
48 152
134 192
39 103
92 195
125 143
4 82
23 95
83 146
124 147
143 160
13 87
25 141
44 154
57 93
2 157
34 146
120 149
139 162
6 47
97 165
69 103
55 168
8 93
27 106
113 146
25 33
30 111
71 149
131 163
2 49
43 50
29 152
48 165
6 168
4 95
23 108
64 109
105 147
124 160
17 34
143 173
36 47
22 112
55 60
96 98
108 152
127 165
66 155
85 168
38 93
57 106
43 171
76 119
59 152
78 165
119 166
17 155
91 104
110 117
55 181
8 106
52 112
112 163
131 176
24 50
84 101
29 165
1 66
106 119
6 181
45 109
105 160
17 47
3 112
22 125
149 166
168 179
85 181
126 182
24 171
98 120
82 112
15 122
101 125
142 163
161 176
59 165
119 179
91 117
77 182
3 4
75 109
94 122
80 187
112 176
24 63
10 128
115 181
68 69
73 184
26 72
45 122
31 187
58 61
3 125
149 179
168 192
61 66
47 131
65 185
63 112
82 125
142 176
100 179
53 67
72 80
144 185
77 195
116 123
61 187
33 125
74 126
5 26
46 64
10 141
156 195
68 82
54 184
109 120
86 136
70 128
89 141
130 179
171 180
190 193
88 182
107 195
19 82
60 83
5 147
46 185
65 198
63 125
49 190
21 128
7 193
40 141
34 67
53 80
39 145
125 185
144 198
56 85
42 187
9 10
14 88
74 139
5 39
13 129
51 155
137 195
16 134
49 82
95 198
34 188
67 136
20 24
70 141
171 193
9 131
28 144
69 145
41 83
113 188
5 160
46 198
25 75
44 88
104 139
123 152
2 91
81 155
122 156
34 80
39 158
125 198
23 150
97 99
14 101
55 102
99 145
32 155
71 83
35 160
76 161
117 199
29 86
48 99
134 139
92 142
111 155
23 42
9 144
69 158
41 96
44 101
145 153
164 166
2 104
43 105
62 155
103 156
122 169
15 43
20 158
106 161
78 99
23 163
64 164
138 150
36 102
55 115
96 153
27 53
99 158
30 58
71 96
57 161
76 174
29 99
73 105
6 115
18 169
92 155
152 169
50 158
91 159
110 172
8 161
94 164
27 174
66 102
85 115
30 179
145 166
38 40
24 105
103 169
15 56
87 161
106 174
147 175
59 99
4 163
45 164
64 177
3 167
36 115
80 121
121 159
33 46
52 59
57 174
98 175
10 62
15 177
101 180
133 169
12 108
91 172
110 185
3 59
22 72
75 164
94 177
107 116
24 118
65 119
10 183
84 169
170 172
1 134
87 174
128 175
40 62
100 113
45 177
58 116
3 180
77 129
22 193
163 169
42 108
61 121
80 134
121 172
140 185
181 186
33 59
19 124
52 72
79 175
98 188
63 167
51 76
82 180
101 193
54 118
95 119
40 183
114 132
31 134
72 135
75 177
135 191
28 65
33 180
52 193
167 180
5 81
46 119
170 185
49 124
68 137
109 175
128 188
169 189
40 75
26 140
67 178
86 191
172 194
58 129
70 183
89 196
28 186
61 134
47 199
102 135
162 186
14 22
19 137
146 178
79 188
165 191
32 76
63 180
21 183
114 145
155 183
26 32
34 122
72 148
37 127
116 191
9 65
28 78
88 129
129 130
74 194
0 16
5 94
46 132
32 197
132 135
49 137
90 138
109 188
2 25
21 75
7 140
81 89
26 153
67 191
153 194
20 79
39 92
23 84
83 135
28 199
102 148
143 149
162 199
0 137
60 151
146 191
13 76
44 143
104 194
16 81
21 196
62 197
76 95
34 135
120 138
139 151
180 189
6 36
56 153
97 154
138 192
50 79
69 92
14 156
129 143
27 95
13 197
132 148
71 138
2 38
62 89
48 154
134 194
20 92
39 105
92 197
23 97
9 199
83 148
124 149
143 162
41 151
13 89
25 143
44 156
57 95
76 108
136 159
120 151
139 164
18 103
59 141
78 154
97 167
36 157
27 108
113 148
11 100
112 152
131 165
43 52
29 154
48 167
106 108
4 97
45 98
64 111
124 162
36 49
127 167
25 156
66 157
99 105
85 170
57 108
98 109
43 173
15 111
142 152
18 116
119 168
31 55
91 106
36 170
75 98
94 111
154 162
52 114
131 178
24 52
10 117
43 65
84 103
115 170
17 49
22 127
108 167
149 168
168 181
66 170
126 184
38 108
24 173
43 186
82 114
100 168
119 181
12 55
31 68
58 171
91 119
77 184
75 111
61 176
33 114
93 128
5 15
10 130
68 71
54 173
73 186
26 74
12 176
67 112
31 189
86 125
58 63
70 117
130 168
149 181
42 55
61 68
47 133
88 171
107 184
0 58
5 136
79 122
68 192
21 117
26 195
100 181
12 68
72 82
56 74
42 176
116 125
135 138
33 127
74 128
19 192
93 141
179 181
5 28
46 66
32 131
137 184
156 197
35 136
68 84
109 122
7 74
26 87
12 189
53 190
67 125
70 130
56 195
89 143
130 181
190 195
9 120
129 185
0 71
41 72
60 85
46 187
44 77
183 192
21 130
62 131
81 144
34 69
53 82
125 187
42 189
83 190
116 138
9 12
0 192
74 141
32 144
118 147
51 157
159 185
178 198
30 34
16 136
71 72
7 87
48 88
34 190
20 26
111 144
23 31
129 198
60 98
113 190
13 23
25 77
44 90
30 155
104 141
16 28
62 144
81 157
122 158
34 82
4 139
37 87
78 88
97 101
138 139
36 91
96 142
8 29
25 198
159 198
11 34
30 47
57 150
90 98
76 163
134 141
111 157
4 31
69 160
110 161
22 48
8 150
25 90
85 104
30 168
145 155
2 106
84 145
103 158
122 171
20 160
106 163
18 50
4 152
59 88
138 152
17 91
36 104
22 169
96 155
8 42
11 47
38 150
57 163
76 176
29 101
15 166
1 2
18 171
152 171
91 161
3 48
22 61
8 163
94 166
66 104
11 168
52 169
85 117
43 120
103 171
15 58
1 123
106 176
18 63
45 166
64 179
58 105
3 169
77 118
61 110
80 123
140 174
38 163
10 64
82 169
15 179
101 182
18 184
114 121
45 58
31 123
91 174
3 61
94 179
47 67
33 169
88 105
52 182
107 118
65 121
21 51
40 64
100 115
45 179
86 180
77 131
89 185
163 171
42 110
121 174
181 188
19 126
98 190
63 169
51 78
82 182
101 195
21 172
54 120
95 121
155 172
7 8
174 185
12 123
72 137
158 177
75 179
116 180
47 80
33 182
107 131
93 196
10 198
49 126
68 139
128 190
169 191
21 64
7 129
40 77
86 193
39 81
70 185
89 198
42 123
83 124
102 137
0 126
19 139
146 180
32 78
51 91
35 83
95 134
155 185
34 124
53 137
72 150
158 190
70 77
157 194
14 145
129 132
113 124
13 186
16 191
49 139
90 140
150 191
7 142
26 155
67 193
20 81
39 94
70 198
111 199
23 86
83 137
143 151
41 140
146 193
187 194
104 196
16 83
35 96
117 135
136 148
34 137
120 140
139 153
180 191
56 155
97 156
138 194
9 80
50 81
69 94
96 197
113 137
11 89
71 140
29 143
62 91
48 156
134 196
20 94
6 159
92 199
4 86
23 99
64 100
105 138
124 151
17 25
108 143
25 145
85 159
38 84
57 97
2 161
117 148
29 35
15 100
120 153
6 51
18 105
59 143
97 169
50 94
91 95
36 159
55 172
27 110
30 115
71 153
131 167
43 54
84 92
115 159
1 57
87 97
106 110
6 172
4 99
45 100
64 113
105 151
124 164
17 38
108 156
127 169
168 170
85 172
38 97
57 110
98 111
15 113
101 116
1 178
161 167
59 156
119 170
12 44
31 57
17 159
36 172
77 173
110 121
75 100
80 178
154 164
52 116
112 167
10 119
84 105
115 172
54 162
45 113
86 114
31 178
3 116
89 119
22 129
130 157
149 170
42 44
168 183
66 172
107 173
126 186
19 60
79 111
24 175
98 124
63 103
82 116
101 129
142 167
40 119
100 170
12 57
31 70
17 172
58 173
77 186
33 116
5 17
46 55
51 133
137 173
68 73
54 175
109 111
26 76
67 114
86 127
31 191
72 192
58 65
70 119
89 132
130 170
28 122
47 135
88 173
107 186
126 199
19 73
60 74
46 176
63 116
49 181
82 129
68 194
123 130
21 119
81 133
141 184
34 58
53 71
72 84
144 189
37 63
56 76
42 178
61 191
102 192
176 178
14 79
74 130
93 143
179 183
5 30
46 68
51 146
49 73
26 89
12 191
53 192
171 184
28 135
129 187
0 73
60 87
5 151
132 192
44 79
16 17
21 132
7 197
81 146
141 197
34 71
20 136
53 84
39 149
37 76
23 141
83 192
9 14
41 195
32 146
30 36
16 138
71 74
76 152
48 90
20 28
6 93
37 197
39 41
92 133
4 20
111 146
23 33
9 135
83 84
41 87
27 152
71 195
104 143
59 77
4 141
138 141
36 93
96 144
8 31
11 36
30 49
71 87
57 152
15 155
134 143
6 106
18 160
133 147
4 33
69 162
25 92
66 93
85 106
145 157
43 109
84 147
103 160
122 173
1 112
87 152
18 52
4 154
45 155
59 90
78 103
17 93
8 44
99 162
140 163
11 49
38 152
57 165
98 166
10 53
15 168
101 171
54 96
73 109
18 173
152 173
45 47
91 163
110 176
22 63
94 168
11 170
52 171
24 109
84 160
1 125
87 165
128 166
147 179
40 53
100 104
45 168
64 181
17 106
58 107
3 171
22 184
80 125
140 176
52 63
38 165
79 166
82 171
54 109
40 174
114 123
155 161
31 125
158 166
91 176
177 179
75 168
94 181
47 69
88 107
107 120
126 133
167 171
5 72
65 123
10 187
170 176
109 166
40 66
26 131
100 117
86 182
58 120
3 184
89 187
42 112
61 125
80 138
121 176
162 177
0 115
33 63
19 128
79 179
165 182
63 171
51 80
82 184
123 185
35 72
21 174
114 136
155 174
7 10
174 187
12 125
53 126
72 139
177 192
56 131
135 195
47 82
33 184
74 185
88 120
0 7
93 198
5 85
46 123
65 136
150 180
169 193
62 67
7 131
26 144
67 182
86 195
172 198
39 83
70 187
9 177
42 125
28 190
83 126
102 139
14 26
0 128
74 77
19 141
60 142
146 182
13 67
32 80
51 93
104 185
123 198
62 188
95 136
136 137
7 23
34 126
139 142
6 27
116 195
9 69
69 83
14 147
74 198
113 126
132 139
151 152
30 91
90 142
7 144
134 185
20 83
39 96
92 188
125 136
23 88
9 190
41 142
60 155
146 195
13 80
44 147
104 198
145 199
57 86
2 150
117 137
120 142
139 155
78 145
138 196
50 83
55 161
8 86
11 91
30 104
71 142
131 156
29 145
134 198
20 96
6 161
4 88
23 101
124 153
22 105
41 155
44 160
38 86
57 99
2 163
43 164
76 112
117 150
29 37
15 102
120 155
97 171
50 96
36 161
8 99
52 105
112 156
131 169
24 43
29 158
115 161
87 99
6 174
45 102
64 115
105 153
17 40
108 158
168 172
66 161
85 174
126 175
38 99
79 100
98 113
82 105
101 118
142 156
18 120
59 158
100 159
119 172
31 59
17 161
94 115
80 180
33 105
112 169
24 56
10 121
115 174
12 167
86 116
3 118
168 185
47 124
66 174
0 49
19 62
79 113
24 177
65 178
98 126
10 13
68 183
101 131
142 169
40 121
53 60
77 188
61 180
74 119
19 183
93 132
46 57
10 134
51 135
49 62
109 113
54 177
26 78
12 180
67 116
31 193
72 194
42 59
28 124
47 137
88 175
107 188
148 189
151 194
104 119
123 132
21 121
7 186
40 134
141 186
34 60
53 73
39 138
58 188
72 86
144 191
37 65
116 129
61 193
0 183
19 196
60 197
46 70
32 135
51 148
137 188
178 189
16 127
49 75
95 191
7 78
26 91
67 129
53 194
37 186
70 134
111 135
190 199
9 124
28 137
60 89
5 153
46 191
132 194
13 14
104 132
49 196
16 19
2 84
122 149
39 151
125 191
37 78
78 79
23 143
83 194
14 94
0 196
41 197
55 95
13 135
99 138
32 148
118 151
159 189
11 25
71 76
117 192
48 92
34 194
120 197
92 135
37 199
4 22
23 35
9 137
50 138
69 151
8 141
41 89
113 194
25 81
85 95
71 197
145 146
2 97
62 148
103 149
122 162
20 151
18 41
4 143
78 92
23 156
138 143
36 95
55 108
96 146
8 33
99 151
118 164
30 51
38 141
71 89
15 157
6 108
18 162
133 149
4 35
50 151
110 165
3 39
94 157
66 95
85 108
30 172
145 159
43 111
103 162
15 49
1 114
87 154
18 54
59 92
17 95
36 108
77 109
121 152
33 39
98 168
10 55
15 170
101 173
73 111
18 175
45 49
31 114
91 165
75 157
94 170
33 160
107 109
10 176
43 124
84 162
1 127
87 167
128 168
147 181
40 55
100 106
86 171
58 109
3 173
89 176
140 178
79 168
98 181
10 68
101 186
54 111
155 163
12 114
31 127
72 128
177 181
75 170
116 171
135 184
28 58
47 71
88 109
107 122
5 74
46 112
10 189
170 178
49 117
68 130
169 182
21 55
40 68
26 133
67 171
86 184
172 187
58 122
70 176
42 114
102 128
47 192
162 179
181 192
0 117
19 130
146 171
5 195
79 181
165 184
63 173
51 82
82 186
95 125
114 138
7 12
12 127
72 141
135 197
47 84
74 187
5 87
46 125
32 190
65 138
49 130
109 181
169 195
62 69
26 146
67 184
153 187
20 72
39 85
70 189
23 77
28 192
162 192
0 130
60 144
165 197
32 82
35 87
76 88
117 126
136 139
34 128
53 141
180 182
37 133
56 146
97 147
138 185
9 71
69 85
14 149
129 136
27 88
113 128
132 141
151 154
16 195
150 195
2 31
134 187
20 85
6 150
39 98
92 190
4 77
23 90
9 192
50 193
83 141
124 142
127 147
187 198
13 82
25 136
57 88
117 139
136 152
120 144
139 157
180 195
18 96
37 146
78 147
97 160
138 198
50 85
36 150
55 163
27 101
113 141
25 28
30 106
90 157
131 158
24 32
43 45
29 147
1 48
87 88
4 90
45 91
64 104
17 29
36 42
108 147
127 160
25 149
85 163
38 88
2 165
43 166
98 102
18 109
59 147
78 160
119 161
17 150
91 99
36 163
110 112
55 176
75 91
154 155
52 107
112 158
131 171
24 45
29 160
115 163
73 166
45 104
31 169
64 117
105 155
22 120
108 160
38 101
24 166
82 107
101 120
1 182
161 171
100 161
119 174
12 48
17 163
91 112
75 104
61 169
80 182
33 107
112 171
10 123
115 176
156 177
49 51
54 166
73 179
26 67
12 169
67 105
31 182
86 118
70 110
89 123
130 161
149 174
168 187
47 126
88 164
126 190
19 64
79 115
24 179
65 180
82 120
68 185
40 123
26 188
100 174
141 175
12 61
53 62
72 75
58 177
77 190
56 67
42 169
116 118
61 182
0 172
33 120
19 185
5 21
32 124
65 72
51 137
137 177
156 190
49 64
68 77
54 179
95 180
109 115
7 67
67 118
86 131
72 196
70 123
56 188
89 136
130 174
171 175
9 113
42 61
28 126
47 139
107 190
60 78
5 142
46 180
104 121
49 185
68 198
183 185
21 123
62 124
7 188
81 137
141 188
34 62
39 140
83 183
116 131
102 196
14 83
0 185
74 134
60 199
13 124
51 150
16 129
7 80
48 81
34 183
139 199
92 124
111 137
4 11
23 24
9 126
69 140
41 78
60 91
46 193
132 196
25 70
104 134
90 199
16 21
2 86
34 75
20 140
39 153
166 194
4 132
37 80
23 145
78 81
83 196
14 96
55 97
41 199
96 135
8 22
27 35
13 137
118 153
159 191
30 40
16 142
76 156
117 194
29 81
48 94
34 196
120 199
6 97
92 137
111 150
23 37
50 140
110 154
22 41
8 143
27 156
113 196
44 96
85 97
71 199
145 148
2 99
43 100
15 38
87 143
20 153
18 43
23 158
105 197
36 97
55 110
96 148
8 35
99 153
38 143
76 169
29 94
15 159
73 100
6 110
18 164
133 151
152 164
50 153
91 154
110 167
3 41
22 54
8 156
94 159
11 161
43 113
84 151
1 116
87 156
106 169
147 170
18 56
59 94
45 159
17 97
3 162
36 110
77 111
80 116
140 167
52 54
38 156
79 157
98 170
10 57
101 175
73 113
12 103
31 116
75 159
47 60
33 162
107 111
52 175
65 114
10 178
21 44
147 183
100 108
45 172
86 173
3 175
77 124
22 188
89 178
42 103
61 116
80 129
33 54
19 119
79 170
165 173
10 70
63 162
82 175
101 188
21 165
95 114
114 127
155 165
174 178
12 116
31 129
72 130
158 170
177 183
116 173
47 73
33 175
74 176
107 124
93 189
46 114
51 192
109 170
128 183
169 184
7 122
40 70
26 135
67 173
172 189
39 74
89 191
42 116
102 130
162 181
14 17
181 194
19 132
60 133
5 197
146 173
32 71
51 84
104 176
123 189
16 63
35 76
21 178
95 127
40 191
81 192
114 140
34 117
53 130
158 183
37 122
56 135
28 73
69 74
74 189
160 192
32 192
90 133
35 197
169 197
62 71
7 135
26 148
67 186
153 189
125 127
111 192
9 181
83 130
28 194
60 146
13 71
32 84
16 76
2 141
35 89
62 192
76 90
117 128
136 141
34 130
53 143
139 146
180 184
6 31
56 148
9 73
14 151
55 152
129 138
30 95
150 197
29 136
62 84
48 149
134 189
20 87
92 192
4 79
64 93
50 195
83 143
124 144
41 146
127 149
25 138
44 151
38 77
57 90
2 154
117 141
15 93
180 197
6 44
18 98
36 152
55 165
8 90
27 103
11 95
30 108
112 147
43 47
29 149
84 85
48 162
1 50
87 90
6 165
4 92
45 93
64 106
105 144
124 157
3 96
36 44
22 109
108 149
24 155
98 104
43 168
142 147
1 171
78 162
119 163
31 50
17 152
36 165
77 166
80 171
33 96
131 173
84 98
115 165
1 63
87 103
45 106
86 107
31 171
108 162
149 163
168 176
19 53
79 104
98 117
43 181
63 96
82 109
101 122
1 184
142 160
161 173
40 112
12 50
17 165
77 179
75 106
19 174
5 10
10 125
49 53
73 181
114 182
26 69
67 107
86 120
72 185
89 125
130 163
149 176
42 50
61 63
88 166
107 179
0 53
126 192
5 131
46 169
79 117
63 109
49 174
82 122
21 112
40 125
81 126
26 190
53 64
72 77
116 120
61 184
14 72
0 174
93 136
32 126
51 139
49 66
35 131
68 79
95 182
109 117
114 195
26 82
12 184
53 185
67 120
70 125
56 190
171 177
9 115
28 128
88 179
129 180
148 193
0 66
41 67
5 144
65 195
44 72
49 187
123 136
21 125
62 126
7 190
81 139
53 77
39 142
125 182
144 195
185 196
37 69
56 82
102 198
14 85
0 187
41 188
74 136
13 126
44 193
118 142
178 193
16 131
35 144
95 195
53 198
92 126
37 190
111 139
50 129
129 193
60 93
30 150
104 136
16 23
2 88
122 153
106 145
39 155
125 195
166 196
18 32
4 134
78 83
83 198
96 137
27 37
25 193
11 29
30 42
16 144
71 80
76 158
117 196
29 83
134 136
92 139
133 140
152 153
69 155
22 43
113 198
154 199
66 86
11 150
85 99
30 163
145 150
2 101
43 102
84 140
122 166
15 40
1 105
87 145
106 158
18 45
59 83
78 96
17 86
36 99
22 164
96 150
8 37
140 156
38 145
98 159
184 199
29 96
15 161
18 166
31 105
91 156
110 169
3 43
22 56
8 158
75 148
52 164
85 112
24 102
43 115
84 153
1 118
128 159
45 161
64 174
58 100
61 105
80 118
140 169
33 43
52 56
38 158
79 159
98 172
10 59
82 164
54 102
18 179
12 105
31 118
94 174
135 175
107 113
52 177
5 65
24 115
10 180
147 185
40 59
67 162
100 110
86 175
3 177
89 180
42 105
47 183
80 131
181 183
33 56
19 121
79 172
165 175
63 164
51 73
35 65
21 167
54 115
95 116
114 129
155 167
12 118
72 132
158 172
177 185
56 124
135 188
28 62
47 75
107 126
93 191
65 129
10 193
51 194
150 173
169 186
21 59
26 137
153 178
86 188
172 191
83 119
28 183
162 183
14 19
19 134
60 135
5 199
165 188
13 60
32 73
51 86
123 191
16 65
35 78
21 180
95 129
34 119
53 132
39 197
37 124
56 137
9 62
28 75
69 76
14 140
74 191
160 194
27 79
13 181
46 129
32 194
113 119
30 84
16 186
49 134
35 199
90 135
2 22
169 199
7 137
48 138
134 178
39 89
92 181
125 129
4 68
23 81
9 183
83 132
102 145
143 146
14 32
41 135
187 189
13 73
16 78
57 79
2 143
76 92
34 132
120 135
20 197
180 186
78 138
97 151
138 189
69 89
14 153
55 154
8 79
113 132
13 194
99 197
132 145
71 135
16 199
90 148
131 149
2 35
20 89
92 194
23 94
64 95
105 133
108 138
41 148
127 151
25 140
44 153
38 79
57 92
43 157
76 105
117 143
29 30
15 95
120 148
6 46
59 138
78 151
97 164
17 141
50 89
36 154
94 95
52 98
112 149
43 49
29 151
84 87
115 154
87 92
6 167
45 95
17 33
22 111
108 151
66 154
126 168
38 92
79 93
24 157
98 106
43 170
82 98
15 108
1 173
18 113
100 152
119 165
12 39
31 52
17 154
91 103
36 167
94 108
154 159
112 162
24 49
10 114
54 157
12 160
45 108
31 173
89 114
130 152
149 165
168 178
107 168
126 181
24 170
65 171
98 119
68 176
1 186
21 101
40 114
100 165
119 178
77 181
42 160
61 173
80 186
33 111
74 112
19 176
93 125
10 127
51 128
137 168
156 181
49 55
54 170
95 171
114 184
67 109
31 186
89 127
130 165
149 178
42 52
28 117
47 130
107 181
148 182
0 55
19 68
60 69
5 133
63 111
104 112
49 176
123 125
21 114
7 179
40 127
81 128
141 179
125 171
144 184
37 58
56 71
42 173
116 122
61 186
0 176
60 190
93 138
5 25
13 115
46 63
49 68
35 133
114 197
7 71
34 174
67 122
70 127
171 179
190 192
9 117
28 130
88 181
129 182
0 68
5 146
46 184
132 187
44 74
49 189
90 190
123 138
2 77
62 128
7 192
122 142
141 192
34 66
20 131
53 79
125 184
144 197
185 198
56 84
55 88
8 13
32 141
44 195
118 144
159 182
30 31
16 133
2 198
35 146
117 185
136 198
29 72
48 85
20 23
6 88
37 192
92 128
111 141
4 15
23 28
9 130
69 144
129 195
27 147
113 187
30 152
71 190
62 141
103 142
15 29
20 144
18 34
59 72
78 85
23 149
36 88
55 101
27 39
99 144
118 157
11 31
71 82
57 147
117 198
29 85
15 150
48 98
6 101
59 193
133 142
4 28
50 144
91 145
3 32
8 147
25 87
66 88
85 101
30 165
145 152
24 91
43 104
84 142
15 42
87 147
106 160
59 85
4 149
64 163
17 88
36 101
22 166
121 145
140 158
38 147
57 160
10 48
101 166
54 91
73 104
18 168
31 107
110 171
3 45
22 58
75 150
66 101
11 165
52 166
24 104
43 117
147 174
17 101
58 102
77 115
61 107
80 120
140 171
79 161
98 174
51 62
54 104
40 169
114 118
72 121
75 163
135 177
28 51
47 64
88 102
52 179
93 180
126 128
10 182
170 171
128 174
169 175
40 61
67 164
86 177
58 115
70 169
42 107
61 120
162 172
181 185
0 110
19 123
146 164
79 174
165 177
63 166
51 75
82 179
35 67
21 169
114 131
155 169
158 174
14 129
88 115
74 180
0 2
93 193
5 80
46 118
32 183
65 131
49 123
109 174
169 188
21 61
67 177
172 193
39 78
70 182
89 195
23 70
9 172
28 185
47 198
60 137
13 62
32 75
44 129
104 180
123 193
35 80
21 182
81 196
34 121
53 134
39 199
37 126
56 139
97 140
138 178
69 78
14 142
74 193
132 134
118 199
30 86
16 188
71 124
90 137
2 24
62 75
48 140
134 180
153 193
6 143
92 183
125 131
4 70
23 83
9 185
83 134
28 198
124 135
127 140
60 150
44 142
104 193
145 194
16 80
57 81
62 196
15 84
120 137
20 199
139 150
180 188
6 35
78 140
97 153
50 78
36 143
96 194
27 94
113 134
30 99
71 137
131 151
2 37
29 140
48 153
175 194
1 41
6 156
45 84
64 97
50 199
124 148
143 161
22 100
108 140
127 153
25 142
66 143
85 156
38 81
57 94
2 158
43 159
117 145
15 97
1 162
120 150
18 102
59 140
78 153
119 154
31 41
17 143
91 92
36 156
94 97
11 99
52 100
131 164
24 38
43 51
29 153
84 89
115 156
1 54
87 94
31 162
64 110
22 113
108 153
149 154
66 156
85 169
126 170
38 94
82 100
1 175
59 153
100 154
119 167
12 41
31 54
17 156
58 157
91 105
75 97
61 162
94 110
80 175
52 113
112 164
115 169
54 159
73 172
26 60
12 162
86 111
31 175
70 103
3 113
168 180
47 119
107 170
0 44
126 183
79 108
24 172
63 100
82 113
68 178
21 103
12 54
58 170
56 60
42 162
61 175
80 188
0 165
74 114
19 178
93 127
10 129
137 170
156 183
68 70
54 172
95 173
114 186
7 60
26 73
12 175
53 176
67 111
72 189
86 124
70 116
56 181
89 129
130 167
9 106
42 54
47 132
88 170
19 70
60 71
46 173
151 189
104 114
49 178
7 181
26 194
34 55
53 68
39 133
125 173
37 60
56 73
116 124
102 189
0 178
74 127
19 191
51 143
178 184
49 70
35 135
95 186
136 187
7 73
48 74
34 176
53 189
139 192
111 130
56 194
171 181
9 119
28 132
69 133
129 184
41 71
60 84
46 186
113 176
132 189
25 63
44 76
104 127
2 79
62 130
7 194
48 195
81 143
34 68
39 146
23 138
83 189
96 128
8 15
13 130
25 184
99 133
118 146
178 197
16 135
35 148
76 149
29 74
48 87
34 189
120 192
6 90
37 194
78 195
111 143
4 17
23 30
50 133
41 84
8 136
27 149
25 76
11 141
2 92
43 93
29 195
103 144
15 31
20 146
106 149
78 87
23 151
97 100
105 190
36 90
108 195
8 28
159 197
71 84
57 149
76 162
29 87
15 152
18 157
133 144
152 157
50 146
110 160
3 34
22 47
8 149
94 152
27 162
66 90
11 154
24 93
43 106
103 157
15 44
1 109
87 149
106 162
147 163
18 49
45 152
64 165
17 90
3 155
36 103
22 168
77 104
80 109
121 147
140 160
33 34
38 149
57 162
98 163
10 50
15 165
101 168
54 93
73 106
133 157
12 96
31 109
91 160
3 47
94 165
33 155
66 103
52 168
65 107
10 171
68 112
147 176
40 50
100 101
45 165
86 166
58 104
3 168
77 117
22 181
89 171
61 109
19 112
79 163
10 63
51 64
63 155
82 168
101 181
54 106
95 107
114 120
72 123
158 163
75 165
116 166
28 53
47 66
88 104
107 117
52 181
5 69
65 120
10 184
68 125
109 163
169 177
7 115
26 128
67 166
86 179
58 117
70 171
42 109
28 174
102 123
47 187
181 187
0 112
60 126
146 166
13 51
32 64
63 168
35 69
21 171
95 120
40 184
114 133
155 171
34 110
72 136
37 115
116 179
9 53
14 131
93 195
32 185
51 198
49 125
90 126
35 190
150 177
2 13
169 190
62 64
7 128
26 141
153 182
172 195
20 67
39 80
70 184
111 185
23 72
9 174
28 187
0 125
41 126
60 139
146 179
13 64
32 77
44 131
164 196
16 69
2 134
21 184
62 185
76 83
81 198
120 126
20 188
6 24
37 128
23 193
138 180
157 193
9 66
50 67
14 144
129 131
74 195
160 198
113 123
30 88
71 126
90 139
48 142
134 182
153 195
194 196
6 145
111 198
4 72
23 85
9 187
50 188
83 136
127 142
187 193
25 131
44 144
85 145
145 196
38 70
76 96
62 198
103 199
136 147
15 86
139 152
180 190
6 37
4 193
18 91
59 129
78 142
97 155
36 145
27 96
11 88
30 101
71 139
112 140
131 153
29 142
175 196
1 43
92 198
133 199
4 85
45 86
64 99
124 150
17 24
36 37
22 102
25 144
38 83
57 96
43 161
84 199
15 99
101 102
1 164
18 104
59 142
78 155
31 43
91 94
36 158
163 199
75 86
80 164
52 102
131 166
24 40
10 105
43 53
84 91
115 158
1 56
54 148
86 100
105 150
17 37
108 155
168 169
126 172
19 46
24 161
98 110
43 174
63 89
82 102
101 115
142 153
161 166
40 105
119 169
17 158
58 159
77 172
75 99
61 164
80 177
33 102
19 167
52 115
10 118
73 174
26 62
12 164
86 113
31 177
89 118
130 156
149 169
42 43
47 121
88 159
107 172
0 46
126 185
19 59
5 124
46 162
65 175
79 110
63 102
82 115
68 180
40 118
26 183
141 170
12 56
58 172
56 62
61 177
102 178
0 167
19 180
93 129
5 16
46 54
32 119
65 67
137 172
156 185
49 59
35 124
109 110
95 175
7 62
26 75
67 113
56 183
130 169
9 108
42 56
47 134
129 173
148 186
0 59
41 60
60 73
5 137
46 175
65 188
132 178
44 65
21 118
62 119
7 183
26 196
34 57
125 175
144 188
185 189
37 62
56 75
0 180
41 181
74 129
13 119
32 132
44 186
51 145
118 135
159 173
178 186
197 199
35 137
95 188
136 189
7 75
48 76
53 191
139 194
92 119
4 6
171 183
9 121
28 134
14 199
129 186
148 199
41 73
27 138
60 86
113 178
132 191
44 78
30 143
104 129
90 194
62 132
122 146
15 20
34 70
166 189
18 25
23 140
83 191
96 130
41 194
8 17
13 132
99 135
118 148
159 186
11 22
178 199
30 35
16 137
57 138
71 73
117 189
34 191
120 194
37 196
78 197
4 19
50 135
69 148
110 149
22 36
8 138
113 191
154 192
11 143
30 156
71 194
43 95
29 197
103 146
122 159
15 33
1 98
87 138
18 38
4 140
59 76
23 153
64 154
105 192
17 79
36 92
108 197
8 30
25 199
99 148
140 149
11 35
38 138
57 151
184 192
29 89
15 154
73 95
18 159
59 197
133 146
152 159
31 98
91 149
110 162
8 151
66 92
11 156
52 157
85 105
84 146
1 111
87 151
106 164
59 89
17 92
58 93
3 157
77 106
22 170
80 111
140 162
33 36
38 151
79 152
98 165
10 52
15 167
101 170
73 108
12 98
3 49
75 154
94 167
135 168
88 93
24 108
65 109
10 173
21 39
40 52
26 117
45 167
86 168
58 106
3 170
42 98
61 111
80 124
0 101
79 165
165 168
32 53
63 157
82 170
21 160
95 109
40 173
12 111
53 112
158 165
75 167
116 168
9 42
135 181
28 55
47 68
74 171
107 119
65 122
51 187
49 114
68 127
109 165
169 179
21 52
7 117
26 130
67 168
86 181
172 184
70 173
42 111
28 176
102 125
47 189
19 127
146 168
32 66
63 170
51 79
123 184
16 58
35 71
21 173
81 187
7 9
53 125
39 190
72 138
37 117
56 130
157 182
9 55
28 68
160 187
5 84
13 174
32 187
46 122
16 179
90 128
35 192
169 192
62 66
7 130
48 131
67 181
134 171
153 184
172 197
70 186
111 187
9 176
83 125
28 189
69 190
102 138
60 141
13 66
25 120
44 133
104 184
123 197
16 71
76 85
117 123
120 128
20 190
139 141
37 130
78 131
97 144
157 195
129 133
8 72
27 85
13 187
30 90
16 192
90 141
2 28
134 184
194 198
20 82
6 147
4 74
105 126
50 190
124 139
143 152
108 131
41 141
127 144
187 195
25 133
11 198
44 146
85 147
145 198
38 72
43 150
76 98
117 136
15 88
18 93
78 144
97 157
50 82
36 147
96 198
8 85
27 98
11 90
38 193
112 142
131 155
29 144
73 150
45 88
105 139
124 152
17 26
36 39
85 160
38 85
79 86
24 150
98 99
43 163
15 101
101 104
1 166
59 144
100 145
119 158
31 45
17 147
91 96
36 160
77 161
75 88
80 166
33 91
24 42
10 107
1 58
73 163
12 153
45 101
31 166
86 102
3 104
89 107
130 145
168 171
66 160
126 174
19 48
79 99
24 163
98 112
63 91
82 104
101 117
1 179
142 155
40 107
12 45
31 58
42 153
61 166
33 104
52 117
51 121
137 161
54 163
114 177
26 64
12 166
67 102
31 179
86 115
70 107
89 120
149 171
42 45
47 123
0 48
5 126
46 164
63 104
104 105
40 120
81 121
26 185
53 59
58 174
56 64
61 179
0 169
74 118
19 182
5 18
46 56
32 121
51 134
137 174
49 61
35 126
114 190
7 64
26 77
34 167
53 180
67 115
72 193
37 172
70 120
111 121
171 172
88 174
148 188
41 62
5 139
46 177
90 183
123 131
7 185
26 198
20 124
125 177
144 190
185 191
37 64
23 129
56 77
83 180
102 193
14 80
0 182
32 134
44 188
178 188
35 139
76 140
136 191
29 65
48 78
34 180
120 183
53 193
139 196
6 81
37 185
111 134
97 199
171 185
9 123
50 124
69 137
129 188
41 75
27 140
173 194
44 80
71 183
2 83
103 135
48 199
20 137
106 140
18 27
4 129
23 142
36 81
55 94
41 196
96 132
127 199
8 19
27 32
13 134
99 137
118 150
30 37
16 139
71 75
76 153
117 191
48 91
6 94
18 148
59 186
133 135
4 21
110 151
8 140
113 193
25 80
66 81
11 145
85 94
30 158
71 196
112 197
24 84
29 199
103 148
15 35
106 153
64 156
105 194
36 94
77 95
22 159
80 100
99 150
140 151
38 140
57 153
184 194
10 41
15 156
101 159
142 197
54 84
73 97
18 161
59 199
133 148
152 161
31 100
91 151
3 38
22 51
75 143
94 156
11 158
52 159
43 110
84 148
1 113
87 153
128 154
45 156
64 169
58 95
77 108
22 172
80 113
121 151
140 164
19 103
38 153
79 154
98 167
10 54
82 159
101 172
54 97
40 162
12 100
72 114
91 164
75 156
94 169
135 170
47 57
33 159
88 95
107 108
46 98
10 175
49 103
109 154
128 167
21 41
147 180
26 119
67 157
86 170
100 105
58 108
3 172
42 100
61 113
47 178
0 103
19 116
79 167
165 170
32 55
63 159
82 172
123 173
35 60
21 162
95 111
40 175
155 162
12 113
72 127
158 167
177 180
56 119
116 170
135 183
28 57
47 70
32 176
65 124
49 116
35 181
68 129
109 167
150 168
21 54
169 181
7 119
26 132
89 188
42 113
83 114
28 178
102 127
162 178
0 116
41 117
60 130
5 194
146 170
13 55
32 68
63 172
51 81
104 173
123 186
16 60
35 73
62 176
95 124
81 189
7 11
39 192
6 15
37 119
56 132
116 183
157 184
9 57
69 71
14 135
74 186
160 189
27 74
113 114
32 189
16 181
35 194
150 181
2 17
169 194
62 68
48 133
134 173
153 186
39 84
111 189
23 76
83 127
124 128
41 130
127 133
27 195
60 143
13 68
44 135
16 73
57 74
2 138
76 87
117 125
120 130
180 181
37 132
78 133
97 146
157 197
50 71
36 136
55 149
96 187
8 74
113 127
13 189
99 192
30 92
16 194
90 143
48 146
134 186
6 149
92 189
4 76
23 89
64 90
50 192
105 128
124 141
22 93
8 195
127 146
187 197
66 136
85 149
38 74
43 152
76 100
84 190
117 138
15 90
120 143
59 133
78 146
119 147
138 197
17 136
55 162
8 87
52 93
38 195
112 144
131 157
29 146
115 149
1 47
73 152
64 103
105 141
17 28
3 93
108 146
66 149
126 163
38 87
79 88
98 101
43 165
82 93
15 103
101 106
1 168
119 160
12 34
58 150
91 98
77 163
80 168
33 93
115 162
156 163
54 152
12 155
45 103
31 168
86 104
3 106
89 109
130 147
149 160
47 112
19 50
79 101
24 165
65 166
63 93
68 171
1 181
101 119
142 157
40 109
100 160
12 47
58 163
144 166
77 176
42 155
33 106
74 107
93 120
156 176
49 50
54 165
95 166
114 179
7 53
67 104
12 168
130 160
28 112
88 163
107 176
148 177
0 50
60 64
46 166
65 179
68 184
21 109
7 174
81 123
26 187
141 174
34 48
53 61
39 126
37 53
42 168
116 117
14 69
0 171
74 120
13 110
46 58
32 123
51 136
137 176
16 115
35 128
7 66
48 67
34 169
53 182
139 185
70 122
56 187
171 174
28 125
69 126
41 64
60 77
5 141
46 179
113 169
25 56
104 120
90 185
2 72
62 123
81 136
122 137
34 61
39 139
125 179
37 66
102 195
143 196
14 82
55 83
60 198
13 123
99 126
32 136
44 190
118 139
11 13
178 190
16 128
2 193
35 141
76 142
117 180
6 83
111 136
4 10
9 125
50 126
129 190
132 195
11 134
44 82
30 147
2 85
43 86
29 188
62 136
15 24
106 142
166 193
18 29
4 131
23 144
64 145
105 183
17 70
36 83
55 96
41 198
99 139
159 190
38 129
117 193
29 80
73 86
6 96
18 150
133 137
50 139
91 140
110 153
22 40
8 142
94 145
27 155
154 196
66 83
85 96
71 198
112 199
43 99
84 137
103 150
87 142
106 155
147 156
188 194
18 42
45 145
64 158
105 196
17 83
36 96
77 97
80 102
140 153
57 155
98 156
184 196
10 43
15 158
142 199
54 86
73 99
18 163
12 89
31 102
91 153
110 166
3 40
22 53
94 158
66 96
52 161
65 100
10 164
84 150
68 105
87 155
128 156
147 169
40 43
77 110
89 164
42 89
61 102
80 115
121 153
140 166
33 40
98 169
10 56
51 57
82 161
101 174
95 100
40 164
12 102
31 115
75 158
135 172
28 46
47 59
33 161
88 97
52 174
5 62
46 100
65 113
10 177
49 105
68 118
109 156
169 170
21 43
40 56
26 121
67 159
86 172
172 175
58 110
70 164
89 177
102 116
47 180
162 167
19 118
5 183
79 169
165 172
32 57
63 161
51 70
82 174
123 175
95 113
40 177
81 178
34 103
37 108
116 172
9 46
14 124
88 110
74 175
93 188
5 75
46 113
32 178
51 191
49 118
90 119
35 183
109 169
150 170
67 172
153 175
70 177
111 178
9 167
83 116
102 129
47 193
0 118
41 119
146 172
5 196
13 57
44 124
104 175
164 189
16 62
35 75
81 191
53 129
6 17
56 134
138 173
157 186
9 59
50 60
14 137
160 191
27 76
13 178
113 116
32 191
30 81
35 196
150 183
2 19
48 135
134 175
20 73
39 86
111 191
4 65
23 78
83 129
124 130
69 194
41 132
27 197
44 137
85 138
104 188
16 75
57 76
2 140
76 89
62 191
103 192
117 127
136 140
120 132
20 194
180 183
18 84
59 122
78 135
23 199
97 148
138 186
50 73
55 151
96 189
8 76
27 89
113 129
11 81
30 94
71 132
112 133
29 135
115 138
48 148
134 188
1 36
92 191
133 192
4 78
105 130
50 194
124 143
22 95
8 197
108 135
127 148
187 199
25 137
66 138
85 151
43 154
84 192
1 157
87 197
59 135
119 149
31 36
163 192
75 79
11 94
131 159
24 33
10 98
43 46
115 151
1 49
54 141
87 89
31 157
3 95
22 108
108 148
107 152
19 39
79 90
142 146
1 170
100 149
12 36
17 151
75 92
61 157
94 105
80 170
33 95
52 108
137 152
156 165
114 168
26 55
12 157
67 93
86 106
89 111
130 149
47 114
88 152
107 165
0 39
19 52
5 117
65 168
63 95
82 108
68 173
40 111
26 176
12 49
144 168
42 157
61 170
80 183
0 160
33 108
93 122
51 125
49 52
95 168
114 181
67 106
53 171
86 119
72 184
70 111
56 176
130 162
9 101
42 49
28 114
47 127
88 165
129 166
148 179
60 66
132 171
65 181
44 58
63 108
104 109
49 173
68 186
21 111
62 112
7 176
141 176
39 128
83 171
14 71
0 173
74 122
60 187
32 125
16 117
35 130
48 69
34 171
53 184
72 197
92 112
56 189
171 176
28 127
69 128
148 192
41 66
27 131
60 79
113 171
151 197
44 71
30 136
104 122
90 187
2 74
62 125
7 189
122 139
20 128
166 182
4 120
37 68
23 133
83 184
36 72
13 125
25 179
44 192
118 141
159 179
11 15
178 192
16 130
76 144
117 182
136 195
29 69
48 82
6 85
92 125
78 190
4 12
50 128
8 131
154 185
66 72
2 87
43 88
29 190
122 152
20 141
166 195
18 31
4 133
59 69
23 146
105 185
17 72
36 85
22 150
55 98
96 136
8 23
25 192
140 142
11 28
38 131
184 185
76 157
117 195
29 82
15 147
73 88
31 91
17 193
3 29
94 147
154 198
66 85
52 150
24 88
43 101
84 139
1 104
106 157
147 158
59 82
64 160
58 86
77 99
61 91
80 104
140 155
38 144
79 145
184 198
82 150
101 163
73 101
12 91
31 104
91 155
94 160
176 199
33 150
52 163
24 101
10 166
68 107
109 145
128 158
147 171
40 45
45 160
58 99
3 163
42 91
47 169
121 155
0 94
33 42
19 107
79 158
98 171
10 58
51 59
63 150
82 163
54 101
40 166
12 104
53 105
72 118
75 160
135 174
28 48
33 163
107 112
93 177
5 64
46 102
65 115
51 180
109 158
128 171
21 45
40 58
26 123
67 161
39 62
70 166
89 179
102 118
47 182
162 169
0 107
19 120
60 121
5 185
13 46
63 163
104 164
123 177
16 51
35 64
95 115
34 105
53 118
39 183
158 171
56 123
116 174
14 126
74 177
160 180
13 167
46 115
32 180
51 193
49 120
90 121
150 172
169 185
7 123
134 164
172 190
20 62
39 75
70 179
9 169
69 183
102 131
60 134
5 198
146 174
13 59
25 113
32 72
44 126
123 190
164 191
2 129
35 77
62 180
81 193
122 194
20 183
39 196
6 19
37 123
97 137
50 62
69 75
14 139
8 65
27 78
13 180
99 183
118 196
11 70
30 83
16 185
71 121
2 21
29 124
48 137
134 177
20 75
6 140
92 180
111 193
4 67
105 119
124 132
143 145
8 186
127 137
27 199
187 188
44 139
85 140
145 191
38 65
57 78
2 142
76 91
62 193
103 194
117 129
15 81
120 134
20 196
106 199
18 86
4 188
78 137
97 150
36 140
96 191
182 194
8 78
27 91
99 196
30 96
38 186
57 199
71 134
131 148
29 137
115 140
175 191
1 38
92 193
133 194
4 80
45 81
64 94
105 132
91 197
124 145
17 19
3 84
22 97
8 199
127 150
85 153
38 78
24 143
57 91
84 194
15 94
1 159
18 99
59 137
100 138
119 151
12 25
17 140
77 154
163 194
75 81
80 159
52 97
24 35
10 100
115 153
1 51
87 91
73 156
31 159
22 110
149 151
66 153
107 154
126 167
19 41
79 92
43 169
63 84
82 97
101 110
100 151
119 164
12 38
61 159
80 172
33 97
19 162
93 111
10 113
51 114
137 154
7 44
26 57
12 159
67 95
31 172
72 173
89 113
28 103
47 116
88 154
107 167
0 41
19 54
46 157
63 97
49 162
68 175
21 100
81 114
26 178
141 165
34 39
58 167
37 44
56 57
61 172
102 173
0 162
74 111
93 124
5 11
46 49
137 167
49 54
95 170
114 183
26 70
67 108
53 173
70 113
9 103
88 167
129 168
148 181
0 54
41 55
5 132
151 186
104 111
49 175
123 124
68 188
21 113
62 114
7 178
26 191
141 178
39 130
125 170
144 183
37 57
0 175
55 74
60 189
44 181
118 130
178 181
16 119
35 132
29 58
48 71
34 173
53 186
6 74
92 114
111 127
171 178
50 117
14 194
129 181
41 68
27 133
113 173
25 60
44 73
30 138
71 176
104 124
62 127
7 191
48 192
103 128
106 133
166 184
4 122
124 187
55 87
96 125
127 192
8 12
99 130
44 194
118 143
159 181
16 132
2 197
76 146
117 184
136 197
29 71
18 141
37 191
78 192
50 130
69 143
22 31
8 133
113 186
25 73
66 74
11 138
30 151
71 189
24 77
84 128
29 192
103 141
122 154
15 28
1 93
106 146
166 197
18 33
59 71
78 84
64 149
105 187
17 74
36 87
77 88
22 152
108 192
25 194
140 144
11 30
38 133
57 146
15 149
54 77
73 90
133 141
152 154
31 93
91 144
110 157
196 197
3 31
22 44
75 136
94 149
52 152
10 155
43 103
84 141
1 106
87 146
45 149
64 162
17 87
58 88
3 152
80 106
38 146
79 147
10 47
101 165
12 93
31 106
91 157
3 44
75 149
94 162
52 165
93 166
5 53
46 91
65 104
10 168
68 109
109 147
128 160
21 34
147 173
40 47
26 112
67 150
86 163
58 101
3 165
70 155
121 157
0 96
33 44
19 109
79 160
63 152
82 165
123 166
21 155
95 104
40 168
53 107
56 112
116 163
135 176
28 50
47 63
33 165
46 104
32 169
51 182
68 122
109 160
150 161
21 47
7 112
67 163
153 166
86 176
172 179
39 64
89 181
9 158
28 171
0 109
60 123
5 187
146 163
165 176
32 61
51 74
104 166
123 179
35 66
21 168
62 169
95 117
34 107
53 120
39 185
37 112
56 125
9 50
160 182
13 169
32 182
118 185
16 174
35 187
150 174
2 10
169 187
48 126
172 192
20 64
39 77
92 169
111 182
4 56
23 69
9 171
83 120
28 184
69 185
41 123
60 136
13 61
44 128
104 179
145 180
164 193
57 67
2 131
76 80
62 182
81 195
34 120
20 185
39 198
6 21
37 125
78 126
97 139
157 190
55 142
96 180
160 195
27 80
13 182
99 185
113 120
71 123
16 187
90 136
131 137
29 126
48 139
1 27
20 77
6 142
23 82
64 83
50 185
105 121
8 188
127 139
187 190
25 128
44 141
85 142
38 67
2 144
43 145
84 183
103 196
15 83
87 188
120 136
4 190
138 190
50 77
36 142
96 193
8 80
99 198
140 199
11 85
52 86
38 188
112 137
131 150
29 139
115 142
175 193
1 40
73 145
6 155
133 196
45 83
64 96
50 198
17 21
3 86
22 99
108 139
66 142
85 155
126 156
84 196
15 96
59 139
100 140
119 153
31 40
17 142
36 155
77 156
163 196
75 83
94 96
52 99
112 150
115 155
54 145
73 158
12 148
45 96
31 161
86 97
3 99
89 102
149 153
47 105
107 156
126 169
19 43
79 94
24 158
65 159
63 86
82 99
101 112
142 150
21 89
40 102
100 153
12 40
58 156
77 169
42 148
75 96
61 161
33 99
74 100
19 164
10 115
137 156
54 158
95 159
7 46
26 59
12 161
31 174
70 102
47 118
148 170
19 56
5 121
46 159
151 175
63 99
40 115
81 116
26 180
34 41
53 54
144 172
37 46
42 161
61 174
102 175
14 62
19 177
93 126
5 13
46 51
51 129
16 108
95 172
7 59
67 110
72 188
37 167
70 115
28 118
69 119
14 183
41 57
60 70
5 134
46 172
151 188
44 62
123 126
62 116
7 180
81 129
39 132
125 172
37 59
23 124
83 175
143 189
14 75
55 76
41 178
13 116
99 119
44 183
118 132
2 186
35 134
117 173
136 186
48 73
34 175
53 188
139 191
6 76
37 180
92 116
111 129
97 194
50 119
69 132
14 196
55 197
129 183
8 122
41 70
27 135
113 175
132 188
173 189
25 62
11 127
44 75
29 181
62 129
48 194
103 130
122 143
106 135
166 186
18 22
185 199
23 137
83 188
124 189
41 191
127 194
8 14
99 132
44 196
85 197
159 183
11 19
38 122
57 135
76 148
117 186
29 73
15 138
73 79
6 89
59 181
92 129
4 16
50 132
36 197
110 146
3 20
22 33
8 135
66 76
11 140
30 153
112 192
43 92
29 194
84 130
103 143
115 197
15 30
106 148
18 35
4 137
59 73
105 189
17 76
3 141
36 89
22 154
77 90
108 194
121 133
66 197
140 146
38 135
57 148
98 149
10 36
15 151
142 192
18 156
91 146
110 159
3 33
22 46
75 138
66 89
24 92
10 157
87 148
128 149
45 151
86 152
3 154
77 103
22 167
89 157
42 82
121 146
140 159
98 162
10 49
63 141
82 154
101 167
54 92
12 95
72 109
75 151
116 152
135 165
47 52
88 90
93 168
5 55
46 93
65 106
10 170
49 98
21 36
26 114
86 165
70 157
89 170
42 95
28 160
61 108
102 109
0 98
146 152
5 176
79 162
32 50
63 154
82 167
123 168
35 55
21 157
95 106
40 170
155 157
72 122
158 162
56 114
116 165
9 39
47 65
88 103
74 168
5 68
32 171
49 111
35 176
68 124
109 162
169 176
21 49
7 114
67 165
153 168
20 53
39 66
70 170
23 58
9 160
28 173
102 122
47 186
162 173
60 125
5 189
146 165
165 178
123 181
164 182
35 68
21 170
81 184
34 109
53 122
39 187
56 127
138 166
157 179
9 52
160 184
27 69
13 171
32 184
118 187
71 112
16 176
90 125
150 176
62 63
134 168
20 66
6 131
92 171
111 184
4 58
23 71
9 173
50 174
69 187
41 125
127 128
27 190
60 138
25 117
30 195
104 181
145 182
164 195
16 68
57 69
2 133
76 82
117 120
122 198
15 72
20 187
106 190
18 77
4 179
23 192
157 192
36 131
69 79
96 182
160 197
8 69
27 82
13 184
99 187
113 122
30 87
16 189
71 125
131 139
29 128
134 181
194 195
1 29
6 144
92 184
133 185
152 198
64 85
50 187
105 123
22 88
108 128
187 192
25 130
66 131
85 144
186 196
43 147
103 198
1 150
87 190
59 128
4 192
45 193
17 131
36 144
163 185
55 157
96 195
182 198
11 87
52 88
38 190
131 152
24 26
10 91
29 141
115 144
175 195
73 147
133 198
64 98
17 23
3 88
108 141
66 144
126 158
167 196
19 32
38 82
79 83
24 147
43 160
40 91
12 29
17 144
58 145
77 158
163 198
61 150
80 163
33 88
10 104
54 147
155 199
26 48
12 150
67 86
31 163
3 101
130 142
47 107
88 145
107 158
126 171
19 45
5 110
24 160
65 161
79 96
63 88
21 91
40 104
100 155
12 42
58 158
77 171
42 150
61 163
80 176
0 153
33 101
74 102
32 105
51 118
137 158
156 171
35 110
54 160
95 161
26 61
53 164
56 169
89 117
9 94
88 158
148 172
0 45
5 123
46 161
65 174
49 166
7 169
26 182
39 121
125 161
144 174
37 48
42 163
102 177
0 166
19 179
60 180
13 105
32 118
118 121
51 131
35 123
95 174
7 61
34 164
53 177
139 180
72 190
37 169
111 118
9 107
69 121
14 185
148 185
41 59
113 164
46 174
132 177
25 51
44 64
104 115
49 179
90 180
62 118
7 182
81 131
122 132
34 56
39 134
166 175
4 113
23 126
83 177
143 191
14 77
55 78
41 180
60 193
13 118
25 172
99 121
159 172
16 123
57 124
2 188
76 137
136 188
29 62
48 75
139 193
6 78
37 182
78 183
92 118
4 5
111 131
50 121
55 199
8 124
27 137
113 177
173 191
11 129
30 142
71 180
90 193
131 194
84 119
29 183
103 132
48 196
122 145
15 19
6 199
18 24
4 126
23 139
105 178
55 91
41 193
108 183
127 196
8 16
25 185
99 134
85 199
38 124
76 150
117 188
29 75
15 140
120 193
73 81
6 91
18 145
59 183
78 196
17 186
91 135
36 199
110 148
94 140
154 191
66 78
52 143
85 91
112 194
24 81
43 94
29 196
103 145
15 32
106 150
59 75
45 140
191 194
3 143
77 92
108 196
66 199
38 137
98 151
10 38
82 143
15 153
101 156
142 194
73 94
18 158
59 196
100 197
133 145
31 97
17 199
91 148
3 35
135 154
33 143
52 156
68 100
128 151
21 25
147 164
45 153
86 154
58 92
77 105
89 159
130 197
42 84
121 148
33 35
79 151
98 164
10 51
51 52
63 143
82 156
21 146
12 97
72 111
75 153
135 167
28 41
33 156
46 95
65 108
51 173
49 100
68 113
128 164
21 38
40 51
26 116
86 167
89 172
42 97
28 162
102 111
19 113
146 154
5 178
165 167
13 39
32 52
63 156
104 157
16 44
35 57
81 173
155 159
53 111
72 124
158 164
157 168
9 41
74 170
160 173
93 183
5 70
46 108
32 173
49 113
90 114
35 178
150 165
169 178
7 116
134 157
20 55
23 60
0 113
41 114
60 127
5 191
32 65
44 119
164 184
16 57
35 70
81 186
122 187
34 111
20 176
53 124
37 116
56 129
97 130
138 168
157 181
9 54
50 55
14 132
55 133
96 171
160 186
8 58
13 173
99 176
32 186
118 189
11 63
71 114
16 178
35 191
2 14
48 130
134 170
20 68
6 133
92 173
9 175
50 176
124 125
41 127
27 192
85 133
145 184
57 71
117 122
62 186
103 187
15 74
120 127
20 189
106 192
6 25
4 181
18 79
59 117
8 71
27 84
30 89
38 179
57 192
112 128
131 141
29 130
48 143
175 184
194 197
1 31
92 186
4 73
45 74
64 87
91 190
108 130
8 192
127 143
11 197
38 71
57 84
43 149
84 187
15 87
1 152
87 192
18 92
4 194
59 130
78 143
12 18
17 133
77 147
163 187
121 190
33 77
52 90
38 192
10 93
175 197
45 87
86 88
3 90
89 93
22 103
66 146
107 147
126 160
167 198
79 85
63 77
101 103
1 165
40 93
119 157
17 146
33 90
93 104
156 160
54 149
73 162
26 50
86 101
31 165
70 93
89 106
47 109
88 147
107 160
0 34
5 112
65 163
82 103
68 168
40 106
100 157
141 158
61 165
102 166
0 155
74 104
19 168
93 117
51 120
156 173
35 112
95 163
7 50
26 63
67 101
53 166
72 179
70 106
56 171
9 96
14 174
88 160
148 174
41 48
151 179
44 53
49 168
21 106
62 107
7 171
81 120
26 184
141 171
34 45
20 110
53 58
39 123
125 163
144 176
37 50
23 115
42 165
56 63
83 166
14 66
0 168
74 117
60 182
13 107
32 120
44 174
159 161
16 112
95 176
136 177
53 179
139 182
6 67
92 107
111 120
56 184
97 185
9 109
50 110
14 187
148 187
27 126
113 166
25 53
151 192
30 131
71 169
90 182
104 117
62 120
7 184
122 134
106 126
6 188
39 136
125 176
166 177
185 190
23 128
143 193
36 67
55 80
96 118
127 185
60 195
13 120
25 174
44 187
118 136
57 126
76 139
117 177
29 64
48 77
34 179
139 195
6 80
37 184
78 185
4 7
97 198
69 136
22 24
27 139
113 179
154 180
173 193
25 66
66 67
30 144
90 195
2 82
84 121
29 185
103 134
48 198
122 147
1 86
87 126
106 139
18 26
4 128
105 180
17 67
22 145
55 93
96 131
127 198
8 18
66 188
99 136
11 23
38 126
57 139
98 140
117 190
15 142
120 195
161 196
59 185
133 134
78 198
31 86
91 137
110 150
22 37
8 139
154 193
52 145
24 83
43 96
29 198
128 140
147 153
17 80
3 145
108 198
149 199
140 150
10 40
82 145
54 83
73 96
59 198
12 86
91 150
75 142
135 156
176 194
33 145
52 158
179 199
5 46
24 96
65 97
10 161
68 102
109 140
128 153
21 27
26 105
86 156
58 94
3 158
89 161
130 199
47 164
80 112
121 150
33 37
63 145
51 54
21 148
95 97
40 161
53 100
72 113
56 105
9 30
28 43
47 56
33 158
5 59
46 97
65 110
51 175
49 102
150 154
21 40
7 105
26 118
67 156
70 161
9 151
28 164
102 113
47 177
162 164
19 115
146 156
5 180
13 41
63 158
51 67
104 159
123 172
16 46
62 162
95 110
81 175
34 100
53 113
39 178
72 126
37 105
157 170
9 43
28 56
14 121
74 172
160 175
27 60
13 162
32 175
51 188
16 167
90 116
35 180
150 167
169 180
7 118
48 119
134 159
172 185
39 70
92 162
4 49
23 62
9 164
83 113
28 177
69 178
102 126
60 129
5 193
146 169
25 108
145 173
164 186
57 60
81 188
122 189
34 113
39 191
6 14
97 132
138 170
157 183
69 70
14 134
55 135
160 188
8 60
13 175
99 178
118 191
11 65
71 116
16 180
35 193
76 194
2 16
29 119
48 132
6 135
111 188
152 189
4 62
23 75
64 76
124 127
69 191
22 79
41 129
108 119
27 194
127 132
11 186
85 135
38 60
57 73
2 137
43 138
76 86
103 189
15 76
120 129
20 191
106 194
59 119
4 183
23 196
64 197
97 145
50 70
36 135
96 186
99 191
11 78
52 79
38 181
71 129
57 194
29 132
115 135
15 197
175 186
1 33
73 138
6 148
105 127
50 191
124 140
3 79
22 92
8 194
127 145
66 135
11 199
85 148
24 138
43 151
170 192
15 89
1 154
87 194
18 94
4 196
45 197
59 132
100 133
12 20
119 146
17 135
36 148
77 149
75 76
80 154
38 194
112 143
24 30
10 95
1 46
54 138
12 141
86 90
31 154
89 95
75 197
47 98
107 149
126 162
79 87
65 152
98 100
63 79
82 92
101 105
1 167
109 195
142 143
21 82
40 95
100 146
119 159
12 33
58 149
77 162
42 141
75 89
61 154
33 92
74 93
19 157
93 106
51 109
54 151
95 152
26 52
67 90
86 103
31 167
70 95
89 108
130 146
47 111
107 162
148 163
46 152
65 165
151 168
63 92
49 157
21 95
7 160
81 109
26 173
58 162
42 154
61 167
102 168
60 171
93 119
5 6
13 96
137 162
95 165
114 178
7 52
26 65
34 155
67 103
72 181
37 160
56 173
9 98
69 112
14 176
41 50
60 63
132 168
151 181
104 106
49 170
62 109
26 186
39 125
125 165
144 178
37 52
23 117
56 65
83 168
102 181
143 182
14 68
0 170
41 171
55 69
96 107
13 109
44 176
159 163
16 114
2 179
76 128
29 53
48 66
120 171
139 184
6 69
92 109
97 187
171 173
9 111
50 112
14 189
129 176
8 115
41 63
132 181
25 55
44 68
71 171
29 174
62 122
48 187
103 123
185 192
23 130
83 181
124 182
36 69
55 82
41 184
96 120
25 176
159 176
38 115
57 128
2 192
76 141
117 179
29 66
15 131
48 79
120 184
139 197
6 82
92 122
78 187
91 126
36 190
110 139
3 13
8 128
94 131
27 141
113 181
154 182
173 195
66 69
11 133
30 146
112 185
131 198
24 72
43 85
29 187
84 123
103 136
15 23
87 128
106 141
4 130
17 69
36 82
77 83
22 147
66 190
57 141
98 142
10 29
15 144
101 147
161 198
54 72
73 85
17 190
91 139
75 131
94 144
154 195
52 147
24 85
43 98
84 136
1 101
54 193
87 141
45 144
191 198
17 82
58 83
3 147
22 160
61 88
121 139
140 152
19 91
98 155
184 195
10 42
82 147
73 98
12 88
31 101
72 102
75 144
116 145
135 158
93 161
65 99
10 163
68 104
109 142
128 155
40 42
26 107
67 145
86 158
70 150
89 163
5 169
32 43
63 147
51 56
82 160
123 161
35 48
21 150
95 99
40 163
12 101
72 115
56 107
116 158
9 32
14 110
88 96
74 161
32 164
68 117
150 156
26 120
67 158
172 174
20 46
39 59
70 163
9 153
42 101
102 115
47 179
162 166
0 104
41 105
60 118
5 182
146 158
165 171
13 43
32 56
44 110
21 163
62 164
95 112
53 115
39 180
37 107
97 121
138 159
9 45
14 123
74 174
160 177
32 177
51 190
30 67
16 169
35 182
150 169
7 120
134 161
153 174
20 59
39 72
92 164
111 177
4 51
23 64
28 179
69 180
27 183
60 131
25 110
44 123
30 188
104 174
145 175
164 188
16 61
57 62
2 126
62 177
15 65
34 115
20 180
18 70
37 120
78 121
23 185
97 134
50 59
36 124
69 72
96 175
160 190
8 62
27 75
99 180
11 67
30 80
71 118
90 131
76 196
2 18
29 121
1 22
92 177
152 191
4 64
45 65
64 78
69 193
110 194
22 81
8 183
108 121
27 196
127 134
25 123
66 124
145 188
38 62
43 140
84 178
103 191
87 183
20 193
106 196
18 83
4 185
78 134
23 198
64 199
17 124
36 137
163 178
96 188
182 191
140 194
11 80
52 81
112 132
131 145
115 137
15 199
1 35
64 91
105 129
3 81
22 94
94 199
66 137
126 151
38 75
24 140
170 194
1 156
87 196
100 135
45 199
119 148
12 22
31 35
58 138
163 191
75 78
61 143
80 156
121 194
33 81
52 94
38 196
79 197
93 95
112 145
54 140
26 41
67 79
31 156
70 84
89 97
75 199
130 135
107 151
19 38
79 89
82 94
68 159
21 84
40 97
100 148
141 149
58 151
77 164
42 143
61 156
33 94
74 95
32 98
51 111
54 153
26 54
67 92
86 105
70 97
56 162
89 110
130 148
28 100
47 113
88 151
107 164
148 165
19 51
5 116
63 94
49 159
21 97
62 98
7 162
81 111
26 175
141 162
125 154
42 156
83 157
14 57
0 159
19 172
13 98
35 116
136 168
7 54
72 183
9 100
28 113
14 178
129 165
148 178
60 65
46 167
113 157
132 170
25 44
44 57
104 108
90 173
2 60
7 175
48 176
81 124
122 125
125 167
37 54
83 170
102 183
143 184
14 70
41 173
60 186
13 111
25 165
99 114
118 127
159 165
16 116
117 168
136 181
48 68
120 173
6 71
92 111
78 176
111 124
50 114
69 127
14 191
55 192
110 128
8 117
41 65
132 183
11 122
44 70
30 135
71 173
90 186
2 73
43 74
84 112
48 189
122 138
20 127
106 130
6 192
166 181
4 119
23 132
105 171
17 58
143 197
36 71
96 122
41 186
108 176
127 189
8 9
25 178
99 127
11 14
57 130
2 194
43 195
29 68
120 186
161 187
6 84
18 138
59 176
78 189
17 179
50 127
36 192
91 128
110 141
22 28
8 130
94 133
154 184
173 197
66 71
11 135
71 186
112 187
24 74
43 87
29 189
103 138
115 192
15 25
1 90
87 130
59 68
105 184
124 197
3 136
36 84
22 149
77 85
108 189
80 90
140 141
79 131
24 195
98 144
15 146
101 149
142 187
18 151
12 77
31 90
17 192
91 141
3 28
154 197
33 136
52 149
65 88
10 152
109 131
1 103
128 144
188 195
12 198
58 85
3 149
77 98
22 162
42 77
61 90
80 103
19 93
98 157
10 44
63 136
82 149
54 87
40 152
12 90
31 103
42 198
116 147
28 34
33 149
93 163
5 50
65 101
10 165
51 166
68 106
109 144
128 157
21 31
7 96
40 44
58 98
42 90
28 155
102 104
47 168
0 93
19 106
60 107
5 171
13 32
32 45
63 149
51 58
104 150
123 163
16 37
21 152
95 101
81 166
34 91
37 96
116 160
157 161
9 34
28 47
14 112
74 163
46 101
32 166
51 179
90 107
35 171
150 158
169 171
7 109
134 150
26 122
172 176
20 48
70 165
9 155
102 117
41 107
5 184
13 45
44 112
104 163
164 177
16 50
35 63
62 166
34 104
20 169
39 182
23 174
56 122
97 123
157 174
9 47
55 126
160 179
27 64
13 166
32 179
118 182
11 56
30 69
16 171
71 107
35 184
76 185
48 123
153 176
20 61
6 126
92 166
111 179
23 66
9 168
50 169
64 67
69 182
41 120
27 185
25 112
44 125
164 190
57 64
2 128
62 179
15 67
106 185
39 195
6 18
4 174
18 72
59 110
78 123
97 136
138 174
50 61
36 126
8 64
27 77
13 179
99 182
113 117
118 195
11 69
30 82
112 121
57 185
131 134
76 198
15 188
48 136
175 177
1 24
6 139
18 193
92 179
133 180
4 66
45 67
152 193
64 80
50 182
105 118
69 195
110 196
124 131
3 70
22 83
108 123
127 136
27 198
25 125
85 139
145 190
186 191
43 142
84 180
103 193
189 196
15 80
87 185
106 198
18 85
59 123
45 188
119 137
163 180
140 196
33 70
52 83
98 199
10 86
115 139
175 190
73 142
133 193
45 80
105 131
91 196
3 83
22 96
8 198
75 188
108 136
66 139
107 140
126 153
19 27
43 155
84 193
170 196
1 158
87 198
40 86
12 24
31 37
17 139
58 140
77 153
163 193
75 80
121 196
19 148
52 96
93 97
137 140
54 142
114 156
155 194
26 43
12 145
86 94
72 159
158 199
70 86
47 102
88 140
107 153
0 27
5 105
46 143
65 156
63 83
82 96
68 161
21 86
40 99
100 150
58 153
42 145
61 158
102 159
0 148
19 161
93 110
32 100
137 153
156 166
7 43
26 56
67 94
53 159
72 172
70 99
130 150
28 102
14 167
47 115
88 153
148 167
0 40
151 172
44 46
21 99
62 100
7 164
26 177
141 164
34 38
144 169
83 159
102 172
0 161
74 110
60 175
13 100
32 113
44 167
51 126
16 105
35 118
95 169
136 170
48 57
34 159
53 172
139 175
92 100
56 177
97 178
50 103
14 180
148 180
41 54
27 119
60 67
132 172
25 46
44 59
90 175
2 62
62 113
7 177
122 127
34 51
20 116
39 129
125 169
166 170
4 108
37 56
23 121
83 172
124 173
143 186
55 73
127 178
25 167
99 116
44 180
118 129
159 167
2 183
76 132
117 170
136 183
29 57
48 70
34 172
120 175
139 188
92 113
36 181
69 129
55 194
27 132
154 173
173 186
25 59
90 188
2 75
84 114
48 191
1 79
166 183
18 19
4 121
124 186
17 60
22 138
96 124
66 181
85 194
38 119
57 132
2 196
43 197
76 145
117 183
15 135
161 189
73 76
18 140
59 178
31 79
17 181
36 194
110 143
3 17
22 30
8 132
154 186
52 138
85 86
24 76
29 191
115 194
87 132
128 133
73 197
64 148
17 73
58 74
3 138
77 87
22 151
61 79
80 92
66 194
121 130
140 143
38 132
24 197
82 138
15 148
73 89
59 191
100 192
31 92
58 195
91 143
3 30
135 149
52 151
24 89
68 95
54 197
109 133
128 146
147 159
26 98
45 148
58 87
77 100
130 192
42 79
61 92
47 157
80 105
88 195
19 95
32 34
63 138
82 151
101 164
35 39
72 106
116 149
9 23
135 162
47 49
33 151
74 152
93 165
5 52
65 103
10 167
51 168
109 146
21 33
26 111
67 149
39 50
89 167
83 93
28 157
102 106
47 170
0 95
19 108
5 173
13 34
32 47
63 151
104 152
123 165
35 52
81 168
34 93
53 106
39 171
37 98
116 162
157 163
9 36
28 49
14 114
74 165
160 168
46 103
51 181
16 160
49 108
90 109
134 152
111 168
9 157
83 106
28 170
102 119
41 109
60 122
13 47
25 101
44 114
104 165
164 179
62 168
81 181
122 182
34 106
20 171
39 184
78 112
23 176
97 125
157 176
55 128
160 181
8 53
13 168
99 171
118 184
30 71
16 173
71 109
90 122
76 187
2 9
29 112
20 63
6 128
92 168
23 68
9 170
64 69
8 174
27 187
11 179
44 127
85 128
57 66
43 131
62 181
122 195
15 69
120 122
20 184
106 187
78 125
64 190
138 176
17 115
50 63
36 128
8 66
99 184
118 197
11 71
38 174
71 122
57 187
29 125
115 128
15 190
175 179
73 131
133 182
64 82
50 184
91 185
105 120
110 198
124 133
3 72
22 85
8 187
94 190
108 125
127 138
66 128
126 142
186 193
38 66
24 131
43 144
84 182
103 195
87 187
18 87
59 125
45 190
100 126
119 139
12 13
17 128
140 198
33 72
52 85
38 187
112 136
10 88
115 141
1 39
54 131
73 144
133 195
45 82
31 147
91 198
3 85
22 98
75 190
66 141
107 142
126 155
167 193
19 29
79 80
24 144
84 195
63 72
82 85
68 150
100 139
119 152
12 26
31 39
77 155
163 195
61 147
80 160
121 198
33 85
19 150
10 101
51 102
63 193
137 142
114 158
7 32
26 45
12 147
67 83
86 96
72 161
28 91
47 104
88 142
148 156
0 29
46 145
65 158
151 161
63 85
49 150
68 163
7 153
26 166
141 153
125 145
58 155
144 158
42 147
61 160
102 161
0 150
74 99
19 163
60 164
93 112
32 102
51 115
137 155
95 158
7 45
34 148
72 174
37 153
70 101
28 104
88 155
148 169
0 42
41 43
132 161
151 174
44 48
49 163
90 164
62 102
7 166
141 166
34 40
37 45
23 110
56 58
83 161
102 174
14 61
55 62
41 164
13 102
32 115
16 107
76 121
117 159
34 161
120 164
53 174
139 177
6 62
92 102
111 115
56 179
9 104
50 105
41 56
27 121
113 161
132 174
25 48
44 61
30 126
2 64
29 167
103 116
122 129
6 183
4 110
23 123
83 174
143 188
36 62
55 75
41 177
127 180
25 169
99 118
85 183
159 169
16 120
57 121
2 185
76 134
117 172
29 59
15 124
48 72
120 177
18 129
59 167
92 115
97 193
50 118
36 183
110 132
55 196
8 121
25 61
11 126
30 139
71 177
131 191
43 78
29 180
84 116
48 193
115 183
15 16
6 196
166 185
18 21
45 124
64 137
105 175
124 188
36 75
22 140
127 193
25 182
66 183
85 196
38 121
57 134
98 135
43 199
10 22
101 140
142 178
73 78
18 142
59 180
119 194
17 183
91 132
22 32
8 134
75 124
94 137
154 188
66 75
11 139
52 140
43 91
115 196
87 134
73 199
147 148
64 150
17 75
58 76
77 89
108 193
149 194
61 81
66 196
107 197
140 145
19 84
79 135
24 199
98 148
184 188
10 35
82 140
54 78
73 91
100 194
12 81
72 95
58 197
75 137
135 151
52 153
93 154
5 41
46 79
65 92
137 197
49 84
68 97
54 199
128 148
21 22
147 161
26 100
67 138
86 151
3 153
42 81
88 197
0 84
19 97
5 162
79 148
32 36
63 140
82 153
123 154
35 41
21 143
40 156
12 94
53 95
56 100
28 38
88 89
74 154
93 167
32 157
65 105
49 97
35 162
68 110
109 148
7 100
153 154
86 164
20 39
39 52
89 169
9 146
83 95
28 159
0 97
41 98
146 151
5 175
13 36
44 103
63 153
123 167
16 41
21 156
81 170
53 108
39 173
56 113
97 114
157 165
14 116
74 167
160 170
13 157
51 183
30 60
16 162
90 111
35 175
150 162
48 114
134 154
153 167
172 180
6 117
39 65
92 157
4 44
23 57
9 159
83 108
27 176
60 124
13 49
25 103
145 168
2 119
62 170
122 184
34 108
20 173
39 186
6 9
4 165
23 178
138 165
157 178
50 52
55 130
160 183
27 68
13 170
99 173
11 60
30 73
16 175
90 124
76 189
48 127
1 15
92 170
152 184
4 57
105 109
110 187
22 74
108 114
11 181
85 130
30 194
38 55
57 68
2 132
84 171
117 119
103 184
122 197
15 71
87 176
20 186
120 124
18 76
4 178
59 114
78 127
17 117
36 130
22 195
55 143
182 184
8 68
99 186
11 73
38 176
112 125
131 138
115 130
15 192
1 28
73 133
18 197
133 184
152 197
193 198
105 122
50 186
91 187
3 74
22 87
8 189
94 192
108 127
11 194
167 182
43 146
170 187
103 197
1 149
18 89
59 127
45 192
17 130
58 131
3 195
163 184
33 74
38 189
112 138
24 25
10 90
115 143
114 147
174 198
26 34
12 136
67 72
88 131
33 195
0 18
126 157
19 31
167 195
79 82
65 147
63 74
82 87
68 152
21 77
141 142
12 28
58 144
42 136
61 149
80 162
19 152
63 195
51 104
137 144
156 157
21 198
54 146
114 160
155 198
7 34
26 47
12 149
53 150
72 163
89 103
130 141
28 93
47 106
88 144
107 157
148 158
0 31
5 109
65 160
49 152
21 90
7 155
40 103
81 104
141 155
39 107
42 149
83 150
102 163
14 50
0 152
74 101
93 114
13 91
137 157
16 96
35 109
139 166
37 155
56 168
28 106
148 171
41 45
113 150
5 122
46 160
151 176
44 50
49 165
90 166
2 53
62 104
34 42
20 107
39 120
125 160
23 112
83 163
143 177
41 166
60 179
25 158
32 117
35 122
117 161
136 174
29 48
6 64
37 168
92 104
97 182
50 107
69 120
14 184
129 171
8 110
41 58
113 163
132 176
173 177
44 63
30 128
90 179
131 180
2 66
29 169
122 131
20 120
106 123
6 185
185 187
4 112
23 125
64 126
105 164
124 177
143 190
36 64
55 77
127 182
99 120
44 184
85 185
57 123
2 187
76 136
29 61
15 126
120 179
161 180
6 77
97 195
91 121
110 134
8 123
94 126
27 136
154 177
173 190
11 128
71 179
112 180
131 193
24 67
43 80
115 185
15 18
1 83
106 136
6 198
18 23
4 125
59 61
64 139
105 177
124 190
17 64
3 129
77 78
22 142
108 182
127 195
168 196
66 185
85 198
38 123
10 24
142 180
161 193
54 67
73 80
18 144
59 182
100 183
119 196
31 83
91 134
77 199
75 126
94 139
154 190
66 77
52 142
112 193
65 81
10 145
115 198
156 199
68 86
54 188
87 136
128 137
147 150
86 140
191 193
58 78
77 91
89 145
130 183
149 196
61 83
80 96
66 198
140 147
19 86
98 150
63 129
82 142
142 193
183 194
40 145
12 83
31 96
72 97
58 199
75 139
116 140
135 153
176 191
33 142
52 155
93 156
179 196
46 81
10 158
137 199
49 86
128 150
21 24
7 89
67 140
86 153
70 145
130 196
28 148
0 86
19 99
60 100
79 150
13 25
32 38
63 142
123 156
35 43
21 145
81 159
34 84
53 97
72 110
116 153
28 40
88 91
46 94
32 159
51 172
35 164
7 102
26 115
153 156
20 41
39 54
70 158
23 46
9 148
28 161
0 99
41 100
60 113
44 105
104 156
164 170
16 43
2 108
21 158
35 56
62 159
81 172
37 102
23 167
56 115
97 116
138 154
157 167
14 118
55 119
74 169
160 172
27 57
32 172
118 175
30 62
16 164
90 113
76 178
150 164
29 103
134 156
153 169
20 54
6 119
39 67
4 46
23 59
9 161
50 162
83 110
41 113
27 178
44 118
30 183
104 169
38 44
164 183
2 121
62 172
103 173
122 186
15 60
20 175
106 178
6 11
4 167
59 103
23 180
138 167
50 54
55 132
96 170
160 185
8 57
27 70
99 175
118 188
11 62
71 113
112 114
57 178
76 191
29 116
115 119
15 181
48 129
6 132
18 186
133 173
152 186
45 60
105 111
110 189
22 76
8 178
127 129
27 191
11 183
145 183
24 122
57 70
43 135
84 173
103 186
1 138
106 191
18 78
4 180
45 181
119 130
64 194
22 197
96 183
182 186
99 188
140 189
11 75
38 178
98 192
131 140
10 79
15 194
175 183
1 30
54 122
73 135
133 186
152 199
31 138
64 86
105 124
3 76
22 89
8 191
75 181
108 129
66 132
107 133
126 146
167 184
19 20
186 197
24 135
170 189
1 151
128 192
40 79
100 130
45 194
12 17
17 132
3 197
182 199
61 138
80 151
38 191
79 192
10 92
114 149
67 74
12 138
31 151
158 192
70 79
3 89
89 92
47 95
33 197
88 133
107 146
167 197
19 33
46 136
79 84
65 149
68 154
109 192
21 79
26 157
67 195
141 144
12 30
102 152
14 39
0 141
33 89
19 154
74 90
32 93
63 197
137 146
156 159
35 98
95 149
26 49
12 151
67 87
72 165
56 157
89 105
130 143
47 108
88 146
148 160
5 111
46 149
65 162
49 154
26 170
141 157
125 149
144 162
42 151
83 152
102 165
14 52
74 103
60 168
32 106
51 119
95 162
48 50
34 152
6 53
56 170
9 95
69 109
14 173
129 160
148 173
41 47
27 112
113 152
151 178
30 117
90 168
62 106
7 170
81 119
34 44
39 122
4 101
23 114
83 165
124 166
143 179
55 66
96 104
13 106
25 160
44 173
118 122
16 111
57 112
117 163
136 176
48 63
120 168
6 66
37 170
78 171
92 106
111 119
50 109
69 122
110 123
55 187
8 112
27 125
113 165
173 179
11 117
30 130
71 168
131 182
2 68
43 69
29 171
84 107
48 184
87 112
166 176
105 166
143 192
36 66
55 79
96 117
99 122
85 187
38 112
2 189
43 190
76 138
29 63
15 128
161 182
59 171
50 122
91 123
110 136
3 10
8 125
94 128
173 192
52 131
112 182
24 69
43 82
29 184
84 120
103 133
115 187
73 190
106 138
59 63
45 128
105 179
58 67
22 144
108 184
61 72
80 85
66 187
38 125
24 190
98 139
82 131
15 141
101 144
142 182
161 195
54 69
73 82
59 184
119 198
91 136
75 128
94 141
135 142
176 180
33 131
52 144
179 185
112 195
24 82
10 147
68 88
54 190
109 126
188 190
12 193
86 142
191 195
3 144
89 147
130 185
149 198
42 72
61 85
121 136
19 88
79 139
63 131
82 144
142 195
183 196
40 147
100 198
141 199
12 85
53 86
72 99
42 193
75 141
135 155
28 29
74 145
46 83
10 160
51 161
7 91
67 142
39 43
70 147
89 160
130 198
42 85
83 86
28 150
0 88
19 101
60 102
13 27
32 40
63 144
51 53
104 145
123 158
16 32
21 147
34 86
53 99
39 164
72 112
56 104
9 29
14 107
74 158
160 161
93 171
5 58
13 148
32 161
46 96
51 174
35 166
150 153
48 105
67 155
134 145
153 158
39 56
111 161
23 48
83 99
28 163
69 164
60 115
5 179
13 40
25 94
44 107
104 158
16 45
2 110
35 58
62 161
81 174
34 99
39 177
37 104
78 105
97 118
14 120
55 121
27 59
99 164
118 177
11 51
71 102
16 166
90 115
76 180
48 118
134 158
20 56
111 174
152 175
23 61
50 164
69 177
27 180
85 121
30 185
145 172
57 59
2 123
62 174
103 175
15 62
20 177
106 180
6 13
4 169
18 67
23 182
64 183
138 169
17 108
50 56
55 134
96 172
8 59
27 72
99 177
118 190
11 64
30 77
38 167
71 115
112 116
76 193
29 118
115 121
1 19
18 188
133 175
152 188
4 61
45 62
50 177
91 178
110 191
22 78
8 180
108 118
126 135
145 185
38 59
24 124
84 175
189 191
15 75
1 140
87 180
147 194
59 118
4 182
100 119
17 121
3 186
77 135
22 199
182 188
80 140
52 78
112 129
98 194
115 134
15 196
101 199
175 185
1 32
54 124
174 189
31 140
91 191
177 194
3 78
22 91
75 183
94 196
66 134
52 199
126 148
167 186
19 22
186 199
24 137
84 188
170 191
1 153
87 193
40 81
100 132
86 197
12 19
31 32
58 135
3 199
77 148
163 188
42 127
80 153
121 191
33 78
10 94
51 95
82 199
54 137
7 25
67 76
86 89
31 153
72 154
70 81
89 94
75 196
116 197
130 132
28 84
88 135
33 199
148 149
0 22
19 35
5 100
63 78
49 143
82 91
109 194
81 95
26 159
67 197
125 138
58 148
144 151
61 153
102 154
19 156
93 105
146 197
63 199
95 151
7 38
34 141
67 89
53 154
56 159
9 84
28 97
88 148
129 149
148 162
0 35
46 151
151 167
49 156
68 169
21 94
26 172
141 159
39 111
125 151
37 38
23 103
102 167
41 157
74 105
13 95
32 108
44 162
16 100
35 113
117 152
136 165
48 52
34 154
53 167
92 95
37 159
56 172
97 173
9 97
69 111
27 114
113 154
132 167
25 41
44 54
30 119
71 157
2 57
62 108
48 173
20 111
106 114
6 176
39 124
4 103
23 116
83 167
124 168
143 181
36 55
55 68
41 170
127 173
99 111
118 124
57 114
76 127
117 165
136 178
29 52
15 117
48 65
120 170
139 183
6 68
18 122
78 173
92 108
50 111
36 176
69 124
154 168
173 181
25 54
11 119
30 132
71 170
131 184
24 58
43 71
29 173
84 109
103 122
1 74
106 127
6 189
4 116
64 130
17 55
36 68
108 173
127 186
25 175
66 176
85 189
57 127
2 191
43 192
98 128
142 171
161 184
54 58
18 135
119 187
31 74
17 176
91 125
36 189
3 12
22 25
8 127
66 68
52 133
112 184
10 136
43 84
115 189
87 127
73 192
45 130
31 195
64 143
105 181
58 69
77 82
22 146
108 186
61 74
66 189
38 127
24 192
10 28
82 133
101 146
142 184
161 197
40 136
73 84
100 187
31 87
17 189
72 88
3 25
75 130
135 144
33 133
46 72
65 85
10 149
49 77
68 90
54 192
128 141
147 154
188 192
67 131
86 144
191 197
58 82
3 146
70 136
130 187
42 74
61 87
47 152
121 138
0 77
19 90
5 155
79 141
63 133
82 146
21 136
12 87
53 88
42 195
116 144
9 18
135 157
93 160
32 150
65 98
51 163
35 155
68 103
26 106
67 144
39 45
70 149
89 162
42 87
83 88
28 152
47 165
41 91
60 104
5 168
13 29
32 42
51 55
123 160
16 34
21 149
62 150
81 163
34 88
53 101
39 166
97 107
116 157
157 158
9 31
28 44
14 109
74 160
27 48
32 163
51 176
30 53
16 155
90 104
150 155
48 107
134 147
153 160
172 173
20 45
39 58
111 163
4 37
23 50
9 152
83 101
69 166
41 104
60 117
146 157
25 96
44 109
104 160
145 161
16 47
2 112
81 176
34 101
20 166
39 179
4 158
97 120
138 158
157 171
55 123
96 161
27 61
99 166
11 53
30 66
71 104
57 169
29 107
134 160
20 58
6 123
111 176
4 50
23 63
69 179
110 180
22 67
25 109
66 110
11 174
30 187
38 48
57 61
43 126
103 177
122 190
15 64
87 169
20 179
106 182
59 107
4 171
119 121
64 185
17 110
55 136
8 61
99 179
38 169
112 118
57 182
76 195
115 123
15 185
1 21
73 126
6 136
133 177
64 77
50 179
91 180
105 115
110 193
22 80
8 182
94 185
108 120
52 188
85 136
126 137
167 175
38 61
186 188
43 139
170 180
103 190
1 142
106 195
59 120
100 121
45 185
119 134
3 188
163 177
182 190
80 142
140 193
52 80
38 182
10 83
82 188
115 136
54 126
73 139
133 190
174 191
12 129
31 142
177 196
75 185
94 198
135 199
47 86
33 188
88 124
107 137
0 11
126 150
19 24
65 140
170 193
63 67
68 145
1 155
109 183
128 196
21 70
40 83
86 199
12 21
58 137
77 150
163 190
75 77
61 142
80 155
121 193
162 194
74 81
19 145
93 94
79 196
10 96
21 191
54 139
95 140
155 191
7 27
26 40
86 91
31 155
158 196
70 83
89 96
75 198
28 86
47 99
107 150
0 24
46 140
65 153
192 194
63 80
68 158
109 196
21 83
7 148
40 96
67 199
81 97
141 148
39 100
125 140
42 142
102 156
0 145
74 94
19 158
93 107
32 97
51 110
16 89
35 102
7 40
67 91
53 156
72 169
70 96
56 161
69 100
46 153
132 156
25 30
151 169
90 159
62 97
7 161
26 174
20 100
39 113
125 153
37 40
83 156
143 170
13 97
99 100
44 164
16 102
2 167
35 115
76 116
117 154
53 169
139 172
6 57
92 97
97 175
50 100
129 164
8 103
41 51
132 169
25 43
11 108
44 56
30 121
71 159
43 60
29 162
62 110
48 175
20 113
106 116
166 167
4 105
23 118
124 170
17 44
143 183
36 57
55 70
127 175
99 113
44 177
118 126
159 164
38 103
57 116
2 180
76 129
117 167
120 172
18 124
92 110
78 175
97 188
91 114
55 191
8 116
27 129
173 183
11 121
30 134
71 172
112 173
24 60
43 73
29 175
84 111
103 124
1 76
87 116
4 118
45 119
105 170
124 183
17 57
3 122
22 135
108 175
127 188
168 189
25 177
38 116
98 130
43 194
142 173
1 197
161 186
54 60
59 175
78 188
119 189
12 63
31 76
36 191
110 140
3 14
22 27
94 132
154 183
112 186
131 199
65 74
84 124
115 191
54 181
87 129
73 194
128 130
45 132
86 133
58 71
3 135
77 84
22 148
149 189
42 63
61 76
80 89
66 191
107 192
121 127
19 79
79 130
24 194
98 143
10 30
63 122
142 186
100 189
12 76
31 89
116 133
61 197
135 146
176 184
179 189
5 36
46 74
10 151
51 152
137 192
49 79
109 130
54 194
12 197
86 146
70 138
89 151
130 189
42 76
28 141
61 89
88 192
0 79
19 92
5 157
46 195
79 143
63 135
82 148
35 36
21 138
81 152
34 77
72 103
37 82
42 197
9 20
135 159
28 33
176 197
14 98
51 165
49 92
90 93
109 143
21 30
7 95
20 34
39 47
70 151
111 152
23 39
9 141
102 103
0 92
41 93
60 106
5 170
104 149
35 49
34 90
20 155
23 160
56 108
14 111
74 162
13 152
30 55
16 157
71 93
35 170
90 106
48 109
6 112
39 60
4 39
50 155
69 168
41 106
27 171
13 44
25 98
44 111
30 176
104 162
16 49
103 166
122 179
106 171
39 181
59 96
4 160
78 109
23 173
97 122
138 160
157 173
36 112
55 125
96 163
160 178
8 50
27 63
99 168
71 106
16 170
76 184
29 109
48 122
134 162
1 10
92 165
133 166
152 179
45 53
50 168
69 181
8 171
27 184
25 111
66 112
11 176
30 189
145 176
122 192
15 66
87 171
18 71
4 173
78 122
119 123
64 187
17 112
36 125
163 166
55 138
96 176
8 63
140 182
52 69
38 171
112 120
57 184
98 185
131 133
10 72
115 125
101 190
175 176
1 23
73 128
133 179
152 192
45 66
31 131
105 117
110 195
3 69
108 122
8 184
11 189
126 139
167 177
186 190
38 63
24 128
43 141
84 179
170 182
189 195
1 144
87 184
40 72
45 187
119 136
58 126
77 139
61 131
80 144
140 195
181 196
38 184
79 185
98 198
82 190
114 142
158 185
91 195
177 198
70 72
3 82
75 187
47 88
33 190
88 126
5 91
170 195
109 185
128 198
26 150
67 188
12 23
58 139
42 131
61 144
80 157
121 195
162 196
0 134
33 82
74 83
93 96
32 86
51 99
137 139
35 91
21 193
95 142
114 155
7 29
26 42
67 80
86 93
72 158
158 198
56 150
28 88
47 101
88 139
5 104
46 142
65 155
192 196
63 82
49 147
68 160
109 198
21 85
62 86
7 150
141 150
39 102
125 142
9 196
83 145
102 158
74 96
60 161
13 86
32 99
51 112
16 91
7 42
53 158
139 161
72 171
180 199
37 150
9 88
69 102
14 166
129 153
27 105
132 158
25 32
151 171
44 45
49 160
90 161
2 48
7 163
48 164
81 112
34 37
20 102
39 115
125 155
4 94
37 42
23 107
83 158
102 171
55 59
41 161
13 99
25 153
16 104
57 105
2 169
76 118
29 43
48 56
34 158
120 161
139 174
92 99
37 163
111 112
97 177
50 102
69 115
14 179
110 116
27 118
25 45
11 110
30 123
71 161
90 174
2 61
43 62
84 100
103 113
48 177
122 126
87 105
20 115
6 180
166 169
4 107
23 120
64 121
124 172
36 59
22 124
96 110
127 177
25 166
99 115
44 179
85 180
38 105
57 118
2 182
43 183
76 131
29 56
15 121
161 175
78 177
97 190
17 167
50 115
36 180
91 116
8 118
94 121
154 172
173 185
11 123
52 124
131 188
24 62
43 75
29 177
84 113
103 126
73 183
6 193
124 185
17 59
58 60
3 124
22 137
108 177
127 190
168 191
66 180
85 193
24 183
98 132
10 19
82 124
15 134
101 137
54 62
73 75
59 177
100 178
119 191
12 65
31 78
17 180
91 129
77 194
75 121
94 134
80 199
33 124
52 137
65 76
115 193
156 194
68 81
54 183
45 134
86 135
31 199
58 73
3 137
130 178
61 78
80 91
66 193
107 194
121 129
19 81
79 132
65 197
98 145
82 137
142 188
183 189
21 127
54 75
40 140
72 92
58 194
75 134
61 199
135 148
195 199
33 137
74 138
93 151
179 191
5 38
65 89
10 153
49 81
68 94
54 196
109 132
128 145
26 97
12 199
86 148
70 140
89 153
130 191
42 78
28 143
88 194
60 95
46 197
104 138
123 151
16 25
21 140
53 92
72 105
125 197
9 22
14 100
74 151
93 164
5 51
51 167
90 95
7 97
134 138
67 148
20 36
39 49
70 153
9 143
83 92
28 156
102 105
41 95
60 108
5 172
146 148
104 151
164 165
16 38
2 103
35 51
62 154
122 168
34 92
39 170
56 110
97 111
138 149
9 35
55 114
96 152
160 167
13 154
32 167
11 44
71 95
16 159
90 108
76 173
48 111
153 164
6 114
92 154
152 168
23 54
9 156
50 157
8 160
41 108
25 100
44 113
85 114
30 178
38 39
2 116
122 181
15 55
106 173
18 60
4 162
59 98
23 175
78 111
97 124
36 114
55 127
27 65
99 170
11 57
76 186
48 124
6 127
92 167
133 168
64 68
50 170
91 171
8 173
66 114
11 178
85 127
145 178
38 52
24 117
43 130
84 168
1 133
87 173
106 186
147 187
18 73
119 125
17 114
77 128
163 168
80 133
121 171
140 184
38 173
112 122
57 186
98 187
10 74
115 127
15 189
175 178
1 25
54 117
73 130
18 194
45 68
177 187
22 84
75 176
94 189
33 179
66 127
52 192
107 128
167 179
43 143
84 181
170 184
189 197
87 186
128 187
100 125
45 189
119 138
58 128
3 192
163 181
121 184
33 71
19 136
52 84
79 187
10 87
51 88
63 179
73 143
7 18
26 31
12 133
67 69
31 146
116 190
47 90
33 192
88 128
107 141
0 15
167 192
5 93
46 131
63 71
49 136
82 84
68 149
109 187
40 87
81 88
58 141
70 195
42 133
0 136
19 149
93 98
146 190
137 141
35 93
95 144
114 157
155 195
7 31
26 44
53 147
72 160
56 152
9 77
47 103
0 28
46 144
132 147
65 157
151 160
192 198
49 149
62 88
7 152
81 101
141 152
39 104
23 96
83 147
102 160
14 47
0 149
74 98
60 163
