# family=hard seed=2
100 3361
13 88
24 97
16 93
17 58
36 71
28 67
29 32
47 80
8 9
40 41
5 83
6 48
11 14
58 95
9 90
50 91
73 74
6 84
44 47
22 28
14 24
74 75
4 96
32 78
24 74
16 70
35 83
36 48
15 25
55 61
1 90
88 95
96 99
18 30
46 98
70 77
17 71
36 84
77 85
28 80
29 45
21 41
40 54
80 90
6 61
10 31
2 27
81 91
54 74
73 87
25 47
31 90
32 55
23 86
51 68
3 28
43 64
35 60
14 37
1 67
66 84
65 88
17 48
35 96
36 61
9 44
76 97
28 57
68 93
5 73
6 38
58 85
77 98
69 94
8 84
27 97
19 93
11 89
10 44
2 40
3 5
62 91
54 87
20 94
12 90
13 55
4 86
32 68
51 81
24 64
16 60
17 25
35 73
36 38
28 34
1 80
7 11
5 50
6 15
38 84
17 61
57 97
58 62
9 57
49 93
50 58
29 35
21 31
61 67
40 44
27 74
6 51
39 48
58 98
50 94
10 21
91 95
2 17
54 64
0 93
20 71
39 84
12 67
13 32
31 80
4 63
32 45
23 76
24 41
51 58
43 54
16 37
84 92
87 97
34 91
13 68
4 99
5 27
37 96
16 73
57 74
36 51
9 34
28 47
68 83
26 86
5 63
6 28
38 97
50 71
69 84
42 67
61 80
39 61
12 44
30 92
31 57
23 53
2 30
12 80
13 45
53 81
4 76
32 58
24 54
64 90
56 86
22 93
1 70
46 78
65 91
57 87
9 47
68 96
42 44
15 90
7 86
8 51
27 64
19 60
31 34
10 11
42 80
2 7
8 87
0 83
19 96
20 61
60 97
11 92
52 93
13 22
31 70
32 35
23 66
24 31
64 67
43 44
16 27
1 47
34 81
53 94
45 90
46 55
65 68
38 51
56 99
17 28
57 64
3 93
9 24
49 60
28 37
68 73
76 77
15 67
7 63
26 76
27 41
18 72
79 88
58 65
30 46
50 61
90 97
82 93
61 70
7 99
0 60
19 73
20 38
60 74
11 69
12 34
30 82
31 47
4 30
39 51
23 43
83 94
41 97
1 24
33 93
34 58
13 35
25 89
4 66
45 67
53 71
24 44
72 84
16 40
3 70
22 83
14 79
34 94
26 53
5 30
46 68
37 99
38 64
49 73
15 80
8 41
27 54
0 37
19 50
11 46
30 59
63 93
21 96
41 74
20 51
33 70
52 83
4 43
23 56
10 86
22 60
34 71
53 84
38 41
3 83
9 14
22 96
49 50
7 53
26 66
27 31
18 62
30 36
50 51
63 70
42 47
8 54
48 90
40 86
19 63
60 64
6 93
11 59
12 24
4 20
23 33
83 84
75 80
41 87
1 14
33 83
34 48
52 96
25 79
53 61
44 92
45 57
72 74
64 70
10 99
16 30
56 66
3 60
22 73
14 69
15 34
26 43
67 81
46 58
18 39
78 90
70 86
89 99
36 93
7 66
8 31
27 44
0 27
19 40
79 91
11 36
30 49
63 83
82 96
21 86
12 37
52 73
4 33
44 69
10 76
14 46
34 61
74 97
45 70
3 73
15 47
7 43
47 79
26 56
67 94
0 4
18 52
59 90
11 13
9 89
29 67
8 44
21 63
48 80
0 40
40 76
6 83
12 14
4 10
44 46
10 53
1 4
54 96
33 73
45 47
10 89
51 90
3 50
43 86
22 63
14 59
7 20
18 29
70 76
17 70
36 83
55 96
28 79
7 56
8 21
47 92
48 57
0 17
19 30
5 95
6 60
71 77
63 73
29 80
21 76
40 89
41 54
81 90
60 67
33 50
6 96
73 86
25 46
44 59
2 62
3 27
22 40
14 36
34 51
74 87
66 83
85 96
13 77
24 86
3 63
16 82
43 99
36 60
15 37
7 33
47 69
67 84
18 42
70 89
17 83
77 97
29 57
69 93
48 70
40 66
6 73
10 43
2 39
54 86
12 89
32 67
51 80
2 75
43 76
22 53
35 72
1 79
7 10
66 96
24 99
17 60
36 73
9 56
47 82
8 11
0 7
40 43
5 85
6 50
11 16
9 92
50 93
10 20
29 70
42 89
21 66
62 67
8 96
41 44
33 40
73 76
39 83
44 49
31 79
10 56
2 52
22 30
54 99
74 77
66 73
85 86
13 67
24 76
43 89
16 72
35 85
36 50
55 63
1 92
47 59
88 97
59 70
5 62
6 27
38 96
17 73
58 74
77 87
28 82
21 43
40 56
6 63
30 91
10 33
2 29
62 80
81 93
54 76
20 83
39 96
31 92
4 75
32 57
23 88
24 53
3 30
43 66
35 62
1 69
13 80
65 90
17 50
57 86
36 63
9 46
76 99
28 59
26 98
5 75
6 40
58 87
69 96
42 79
8 86
0 82
19 95
20 60
25 26
39 73
32 34
23 65
20 96
12 92
13 57
53 93
4 88
32 70
24 66
16 62
17 27
56 98
36 40
9 23
28 36
1 82
47 49
5 52
6 17
57 99
9 59
49 95
29 37
69 73
7 98
80 82
19 72
39 50
30 81
31 46
50 96
91 97
42 92
2 19
83 93
62 70
54 66
20 73
39 86
12 69
13 34
31 82
4 65
32 47
23 78
51 60
43 56
84 94
87 99
34 93
5 29
37 98
65 80
16 75
17 40
9 36
68 85
15 79
26 88
6 30
18 84
38 99
58 77
69 86
42 69
8 76
0 72
19 85
20 50
11 81
39 63
31 59
1 36
12 82
13 47
53 83
4 78
45 79
64 92
16 52
22 95
14 91
46 80
38 76
49 85
42 46
15 92
21 23
7 88
8 53
27 66
0 49
19 62
39 40
30 71
10 13
8 89
54 56
0 85
41 86
20 63
11 94
53 60
32 37
72 73
24 33
10 98
16 29
43 46
35 42
1 49
87 89
34 83
53 96
45 92
5 19
46 57
65 70
38 53
17 30
57 66
3 95
49 62
76 79
68 75
15 69
7 65
27 43
6 20
18 74
19 39
79 90
30 48
50 63
90 99
82 95
8 66
0 62
40 98
19 75
20 40
60 76
39 53
12 36
31 49
23 45
83 96
75 92
34 60
25 91
53 73
72 86
64 82
37 65
56 78
3 72
22 85
14 81
34 96
26 55
67 93
5 32
46 70
38 66
70 98
15 82
7 78
8 43
26 91
27 56
0 39
18 87
11 48
12 13
30 61
71 99
21 98
41 76
33 72
12 49
13 14
25 68
4 45
44 81
45 46
10 88
16 19
2 84
22 62
1 39
14 58
45 82
5 9
46 47
37 78
3 85
9 16
22 98
49 52
14 94
15 59
7 55
26 68
27 33
18 64
19 29
79 80
11 25
30 38
71 76
63 72
42 49
82 85
29 79
0 52
40 88
41 53
20 30
60 66
6 95
12 26
52 62
31 39
44 58
23 35
10 65
75 82
41 89
1 16
34 50
74 86
25 81
53 63
44 94
45 59
85 95
64 72
37 55
93 99
3 62
22 75
14 71
7 32
67 83
18 41
59 79
38 56
70 88
36 95
7 68
48 69
27 46
40 65
19 42
6 72
30 51
71 89
63 85
29 92
41 66
60 79
33 62
4 35
44 71
10 78
2 74
3 39
22 52
74 99
66 95
24 98
3 75
36 72
15 49
7 45
8 10
47 81
67 96
18 54
59 92
11 15
29 69
48 82
40 78
41 43
33 39
6 85
4 12
44 48
10 55
22 29
1 6
33 75
74 76
25 71
45 49
32 79
37 45
51 92
2 87
3 52
43 88
22 65
35 84
14 61
15 26
55 62
7 22
26 35
18 31
59 69
70 78
89 91
17 72
55 98
47 94
8 23
48 59
0 19
40 55
5 97
6 62
63 75
29 82
21 78
41 56
81 92
52 65
44 61
31 91
2 64
3 29
66 85
13 79
32 92
35 97
36 62
15 39
28 58
7 35
18 44
59 82
5 74
17 85
9 81
77 99
29 59
69 95
48 72
21 55
61 91
40 68
6 75
10 45
3 6
62 92
54 88
14 15
25 61
4 87
32 69
51 82
24 65
3 42
35 74
14 51
7 12
47 48
13 92
18 21
16 97
57 98
36 75
9 58
28 71
29 36
47 84
21 32
0 9
40 45
80 81
6 52
58 99
8 98
81 82
33 42
20 72
39 85
10 58
23 77
51 59
2 54
3 19
84 93
14 28
66 75
13 69
32 82
24 78
16 74
17 39
36 52
76 88
55 65
47 61
88 99
6 29
58 76
77 89
50 72
69 85
21 45
61 81
40 58
80 94
6 65
39 62
30 93
10 35
2 31
54 78
39 98
12 81
31 94
4 77
32 59
35 64
1 71
13 82
5 41
65 92
16 87
17 52
57 88
49 84
28 61
15 91
21 22
18 96
58 89
10 12
42 81
2 8
61 94
8 88
20 62
25 28
11 93
12 58
31 71
23 67
3 9
43 45
35 41
1 48
87 88
12 94
13 59
53 95
45 91
65 69
16 64
17 29
35 77
36 42
28 38
1 84
47 51
88 89
5 54
46 92
38 88
58 66
9 61
49 97
50 62
77 79
42 58
80 84
27 78
19 74
20 39
11 70
39 52
30 83
10 25
91 99
42 94
83 95
0 97
41 98
12 71
13 36
31 84
4 67
32 49
23 80
24 45
64 81
43 58
16 41
72 85
35 54
84 96
1 61
34 95
38 65
17 42
76 91
49 74
68 87
15 81
7 77
27 55
18 86
58 79
71 98
50 75
42 71
8 78
0 74
11 83
12 48
4 44
16 18
1 38
34 72
13 49
4 80
45 81
64 94
37 77
16 54
17 19
3 84
9 15
22 97
49 51
14 93
5 44
38 78
57 91
49 87
7 90
27 68
20 29
11 60
12 25
30 73
31 38
39 42
23 34
2 11
75 81
0 87
1 15
12 61
52 97
4 57
32 39
44 93
64 71
35 44
87 91
53 98
46 59
37 90
38 55
65 72
57 68
3 97
9 28
49 64
15 71
7 67
8 32
26 80
27 45
18 76
79 92
71 88
63 84
42 61
29 91
0 64
20 42
52 74
31 51
4 34
23 47
83 98
75 94
33 97
34 62
25 93
53 75
64 84
56 80
3 74
22 87
14 83
15 48
26 57
18 53
38 68
7 80
8 45
48 81
27 58
0 41
19 54
11 50
12 15
4 11
63 97
23 24
41 78
1 5
60 91
33 74
34 39
13 16
4 47
45 48
24 25
37 44
10 90
56 57
2 86
22 64
14 60
34 75
67 72
5 11
46 49
37 80
38 45
3 87
89 90
14 96
15 61
55 97
7 57
8 22
47 93
27 35
18 66
19 31
11 27
90 91
63 74
0 54
20 32
33 51
6 97
60 68
23 37
10 67
2 63
22 41
34 52
53 65
85 97
56 70
2 99
22 77
15 38
7 34
26 47
86 98
18 43
78 94
70 90
17 84
28 93
29 58
8 35
48 71
0 31
19 44
11 40
63 87
29 94
21 90
41 68
52 77
25 60
44 73
10 80
2 76
3 41
22 54
13 91
18 20
36 74
15 51
28 70
47 83
8 12
0 8
18 56
5 86
17 97
63 64
29 71
48 84
41 45
52 54
25 37
4 14
44 50
22 31
25 73
66 74
45 51
85 87
32 81
37 47
51 94
3 54
43 90
14 63
15 28
55 64
47 60
26 37
67 75
18 33
59 71
36 87
77 88
28 83
29 48
40 57
5 99
11 30
10 34
21 80
62 81
20 84
25 50
44 63
31 93
10 70
51 71
2 66
3 31
66 87
13 81
24 90
16 86
17 51
35 99
36 64
55 77
28 60
5 76
6 41
9 83
29 61
21 57
6 77
25 27
39 74
10 47
2 43
3 8
14 17
12 93
13 58
4 89
32 71
51 84
24 67
3 44
35 76
36 41
15 18
7 14
47 50
18 23
59 61
17 64
49 96
77 78
28 73
29 38
69 74
48 51
40 47
5 89
50 97
10 24
42 93
2 20
62 71
54 67
33 44
73 80
20 74
31 83
32 48
23 79
51 61
2 56
3 21
43 57
84 95
66 77
32 84
24 80
65 81
17 41
35 89
36 54
9 37
55 67
28 50
68 86
47 63
76 90
5 66
6 31
58 78
77 91
50 74
29 51
42 70
69 87
61 83
27 90
19 86
11 82
31 60
10 37
20 87
12 83
13 48
31 96
4 79
32 61
23 92
24 57
64 93
43 70
16 53
72 97
35 66
5 43
6 8
46 81
38 77
65 94
57 90
9 50
28 63
68 99
15 93
21 24
7 89
6 44
18 98
2 10
8 90
0 86
20 64
11 95
13 25
31 73
4 56
32 38
24 34
35 43
87 90
34 84
13 61
53 97
4 92
16 66
3 96
9 27
28 40
88 91
5 56
6 21
46 94
38 90
49 99
50 64
77 81
69 77
42 60
80 86
0 63
30 85
31 50
83 97
54 70
0 99
1 27
20 77
33 96
12 73
53 74
4 69
32 51
72 87
24 47
64 83
16 43
56 79
35 56
22 86
1 63
46 71
65 84
38 67
76 93
68 89
15 83
7 79
26 92
27 57
18 88
30 62
50 77
42 73
0 76
60 90
12 50
52 86
4 46
23 59
16 20
1 40
34 74
53 87
45 83
46 48
38 44
56 92
17 21
3 86
9 17
49 53
27 34
46 84
6 11
18 65
38 80
30 39
49 89
50 54
42 50
15 96
61 63
7 92
8 57
48 93
27 70
20 31
11 62
39 44
30 75
4 23
83 87
75 83
94 96
41 90
1 17
52 99
4 59
44 95
45 60
72 77
16 33
56 69
2 98
22 76
14 72
5 23
46 61
37 92
38 57
86 97
57 70
3 99
49 66
68 79
15 73
27 47
0 30
18 78
30 52
71 90
63 86
20 44
12 40
4 36
44 72
23 49
75 96
1 30
34 64
25 95
64 86
37 69
56 82
3 76
22 89
14 85
7 46
18 55
19 20
59 93
17 96
8 47
19 56
6 86
11 52
12 17
52 53
4 13
63 99
23 26
41 80
1 7
60 93
33 76
34 41
52 89
13 18
25 72
45 50
37 46
56 59
2 88
3 53
22 66
14 62
26 36
86 87
38 47
70 79
49 56
15 63
47 95
8 24
48 60
27 37
19 33
5 98
11 29
30 42
82 89
29 83
48 96
21 79
40 92
41 57
60 70
52 66
4 26
10 69
22 43
1 20
34 54
74 90
25 85
66 86
45 63
85 99
32 93
37 59
3 66
35 98
14 75
55 76
7 36
26 49
67 87
18 45
78 96
70 92
36 99
28 95
29 60
48 73
40 69
6 76
11 42
10 46
29 96
21 92
62 93
33 66
25 62
10 82
51 83
2 78
3 43
14 52
15 17
66 99
13 93
18 22
59 60
55 89
28 72
47 85
0 10
40 46
6 53
11 19
30 32
92 93
17 99
63 66
41 47
33 43
6 89
52 56
25 39
4 16
10 59
3 20
22 33
14 29
66 76
85 89
13 70
32 83
51 96
24 79
43 92
1 95
26 39
67 77
18 35
5 65
70 82
17 76
36 89
9 72
77 90
29 50
6 66
10 36
62 83
81 96
54 79
33 56
73 92
31 95
32 60
23 91
51 73
3 33
14 42
1 72
24 92
16 88
17 53
9 49
55 79
47 75
58 90
9 85
29 63
69 99
21 59
61 95
19 98
25 29
39 76
31 72
10 49
2 45
22 23
54 92
4 91
32 73
43 82
16 65
35 78
36 43
28 39
1 85
5 55
46 93
38 89
17 66
58 67
49 98
77 80
28 75
29 40
69 76
61 72
40 49
80 85
6 56
92 96
50 99
10 26
2 22
54 69
73 82
20 76
25 42
39 89
12 72
31 85
4 68
51 63
3 23
43 59
84 97
1 62
65 83
16 78
17 43
36 56
9 39
28 52
68 88
6 33
50 76
69 89
21 49
61 85
27 92
0 75
20 53
11 84
39 66
30 97
10 39
23 58
2 35
54 82
12 85
13 50
53 86
4 81
32 63
23 94
24 59
64 95
43 72
16 55
17 20
35 68
56 91
28 29
5 45
6 10
46 83
38 79
57 92
9 52
49 88
15 95
21 26
61 62
7 91
6 46
39 43
30 74
50 89
42 85
2 12
83 86
62 63
54 59
94 95
0 88
11 97
12 62
13 27
31 75
4 58
32 40
23 71
24 36
39 79
51 53
52 98
35 45
95 96
87 92
34 86
13 63
5 22
46 60
37 91
65 73
17 33
76 82
49 65
68 78
15 72
26 81
6 23
18 77
38 92
58 70
50 66
69 79
82 98
61 75
27 82
0 65
19 78
11 74
12 39
30 87
31 52
39 56
83 99
75 95
1 29
33 98
12 75
25 94
53 76
4 71
45 72
72 89
24 49
64 85
16 45
56 81
35 58
22 88
14 84
34 99
5 35
65 86
57 82
49 78
68 91
15 85
26 94
27 59
18 90
19 55
30 64
63 98
23 25
60 92
11 87
31 65
4 48
44 84
23 61
24 26
10 91
34 76
53 89
45 85
64 98
37 81
38 46
56 94
17 23
57 59
3 88
9 19
49 55
14 97
15 62
26 71
27 36
18 67
19 32
30 41
71 79
50 56
82 88
8 59
19 68
20 33
6 98
11 64
12 29
30 77
4 25
39 46
91 93
83 89
1 19
33 88
13 30
25 84
4 61
44 97
45 62
53 66
37 58
72 79
16 35
56 71
3 65
22 78
14 74
26 48
67 86
46 63
86 99
37 94
38 59
78 95
70 91
49 68
7 71
8 36
26 84
19 45
11 41
30 54
71 92
63 88
29 95
0 68
41 69
33 65
12 42
52 78
4 38
44 74
10 81
22 55
25 97
53 79
37 71
56 84
14 87
55 88
7 48
8 13
26 61
67 99
18 57
19 22
11 18
17 98
63 65
9 94
8 49
48 85
0 45
40 81
11 54
12 19
4 15
23 28
41 82
1 9
33 78
53 56
45 52
85 88
64 65
37 48
10 94
51 95
56 61
22 68
15 29
7 25
26 38
67 76
86 89
18 34
78 85
97 98
70 81
28 84
47 97
8 26
48 62
27 39
0 22
71 82
63 78
82 91
29 85
21 81
60 72
33 55
44 64
2 67
3 32
22 45
14 41
34 56
74 92
37 61
24 91
14 77
15 42
55 78
47 74
26 51
67 89
18 47
59 85
78 98
70 94
28 97
29 62
48 75
21 58
40 71
6 78
4 5
10 48
62 95
33 68
20 98
25 64
10 84
51 85
2 80
43 81
22 58
14 54
7 15
26 28
13 95
59 62
36 78
55 91
29 39
47 87
8 16
48 52
6 55
11 21
92 95
63 68
29 75
21 71
62 72
81 85
33 45
6 91
52 58
25 41
73 81
39 88
44 54
10 61
51 62
2 57
3 22
22 35
74 82
85 91
32 85
24 81
43 94
16 77
35 90
36 55
28 51
1 97
7 28
47 64
17 78
9 74
77 92
28 87
69 88
48 65
21 48
40 61
80 97
2 34
62 85
81 98
54 81
73 94
20 88
25 54
12 84
51 75
24 58
43 71
14 44
1 74
13 85
24 94
65 95
16 90
17 55
9 51
28 64
47 77
21 25
0 2
5 80
58 92
10 15
42 84
61 97
8 91
54 58
33 35
20 65
25 31
39 78
51 52
3 12
22 25
54 94
66 68
12 97
13 62
4 93
24 71
43 84
16 67
17 32
36 45
76 81
55 58
28 41
1 87
47 54
5 57
6 22
46 95
38 91
17 68
58 69
9 64
50 65
29 42
69 78
21 38
61 74
80 87
27 81
6 58
39 55
10 28
42 97
2 24
62 75
73 84
20 78
12 74
13 39
31 87
4 70
72 88
23 83
16 44
35 57
1 64
34 98
13 75
5 34
65 85
17 45
57 81
36 58
49 77
76 94
68 90
15 84
26 93
5 70
6 35
58 82
50 78
69 91
42 74
61 87
8 81
0 77
19 90
20 55
11 86
12 51
30 99
31 64
39 68
23 60
2 37
1 41
12 87
13 52
32 65
45 84
24 61
64 97
16 57
56 93
35 70
9 18
1 77
6 12
38 81
57 94
58 59
50 55
42 51
15 97
21 28
61 64
7 93
8 58
27 71
19 67
11 63
39 45
30 76
31 41
10 18
91 92
42 87
2 14
75 84
8 94
54 61
0 90
41 91
20 68
11 99
12 64
23 73
24 38
64 74
43 51
16 34
35 47
45 97
46 62
37 93
38 58
76 84
9 31
28 44
68 80
26 83
27 48
6 25
18 79
38 94
79 95
58 72
30 53
71 91
42 64
8 71
0 67
19 80
11 76
12 41
30 89
1 31
34 65
4 73
45 74
72 91
24 51
37 70
64 87
16 47
56 83
3 77
22 90
14 86
26 60
5 37
46 75
38 71
57 84
15 87
7 83
8 48
26 96
27 61
0 44
18 92
19 57
20 22
2 4
0 80
1 8
20 58
33 77
60 94
12 54
13 19
52 90
4 50
44 86
23 63
24 28
53 55
16 24
2 89
35 37
1 44
5 14
46 52
37 83
38 48
56 96
57 61
86 88
49 57
89 93
68 70
14 99
7 60
26 73
27 38
79 85
71 81
63 77
29 84
8 61
0 57
19 70
20 35
60 71
11 66
4 27
75 87
41 94
1 21
33 90
25 86
44 99
45 64
72 81
56 73
3 67
22 80
14 76
67 88
46 65
18 46
78 97
70 93
49 70
15 77
7 73
8 38
48 74
27 51
18 82
19 47
79 98
11 43
30 56
63 90
41 71
60 84
52 80
25 63
4 40
44 76
22 57
34 68
25 99
45 77
14 89
55 90
7 50
8 15
26 63
27 28
0 11
18 59
19 24
59 97
11 20
29 74
48 87
0 47
40 83
20 25
12 21
52 57
44 53
10 60
22 34
1 11
34 45
74 81
25 76
44 89
45 54
85 90
37 50
56 63
2 92
43 93
14 66
15 31
67 78
86 91
18 36
59 74
78 87
70 83
89 96
28 86
8 28
48 64
40 60
19 37
6 67
71 84
63 80
21 83
73 93
52 70
10 73
2 69
14 43
74 94
66 90
24 93
16 89
15 44
55 80
7 40
67 91
0 1
18 49
59 87
70 96
17 90
9 86
28 99
48 77
21 60
40 73
33 34
4 7
10 50
62 97
22 24
54 93
34 35
25 66
66 67
12 96
32 74
37 40
51 87
2 82
3 47
43 83
35 79
14 56
15 21
55 57
1 86
7 17
26 30
67 68
13 97
18 26
59 64
17 67
36 80
9 63
55 93
28 76
29 41
48 54
0 14
40 50
5 92
11 23
92 97
10 27
21 73
62 74
41 51
33 47
73 83
25 43
39 90
10 63
51 64
2 59
3 24
22 37
74 84
66 80
32 87
24 83
43 96
17 44
35 92
36 57
55 70
28 53
1 99
6 34
77 94
28 89
69 90
21 50
80 99
27 93
30 98
2 36
62 87
73 96
12 86
13 51
31 99
4 82
23 95
24 60
51 77
43 73
16 56
35 69
1 76
13 87
24 96
65 97
16 92
17 57
57 93
36 70
9 53
28 66
29 31
21 27
5 82
50 90
10 17
42 86
2 13
61 99
62 64
0 89
33 37
25 33
12 63
31 76
51 54
3 14
35 46
14 23
95 97
87 93
12 99
4 95
32 77
65 74
35 82
36 47
9 30
55 60
76 83
1 89
47 56
88 94
96 98
5 59
6 24
58 71
77 84
29 44
42 63
69 80
80 89
8 70
27 83
19 79
39 57
30 88
31 53
62 77
4 72
32 54
51 67
24 50
72 90
35 59
5 36
46 74
65 87
57 83
76 96
9 43
49 79
68 92
15 86
26 95
27 60
6 37
18 91
58 84
30 65
50 80
42 76
8 83
27 96
0 79
20 57
11 88
12 53
39 70
31 66
4 49
23 62
24 27
3 4
35 36
34 77
53 90
4 85
24 63
64 99
16 59
56 95
57 60
36 37
9 20
28 33
68 69
14 98
26 72
5 49
6 14
38 83
58 61
49 92
50 57
90 93
69 70
42 53
15 99
21 30
61 66
7 95
8 60
27 73
0 56
19 69
20 34
11 65
39 47
30 78
31 43
23 39
2 16
75 86
54 63
94 99
0 92
41 93
12 66
13 31
4 62
32 44
23 75
24 40
44 98
43 53
16 36
64 76
35 49
72 80
84 91
1 56
87 96
45 99
65 77
38 60
17 37
57 73
76 86
9 33
49 69
15 76
7 72
26 85
18 81
19 46
79 97
71 93
63 89
42 66
8 73
0 69
19 82
20 47
60 83
11 78
12 43
31 56
4 39
75 99
34 67
53 80
72 93
16 49
9 10
22 92
14 88
15 53
26 62
46 77
18 58
59 96
38 73
15 89
7 85
8 50
48 86
27 63
19 59
20 24
11 55
12 20
30 68
23 29
75 76
41 83
1 10
60 96
52 92
13 21
25 75
4 52
44 88
45 53
53 57
64 66
10 95
16 26
56 62
2 91
22 69
1 46
14 65
34 80
5 16
46 54
65 67
38 50
78 86
57 63
86 90
3 92
97 99
68 72
15 66
7 62
8 27
26 75
47 98
18 71
79 87
11 32
30 45
71 83
63 79
82 92
29 86
8 63
21 82
48 99
0 59
40 95
41 60
20 37
60 73
11 68
12 33
52 69
4 29
44 65
10 72
75 89
41 96
33 92
74 93
25 88
53 70
37 62
56 75
22 82
14 78
7 39
26 52
67 90
18 48
38 63
78 99
17 89
7 75
8 40
48 76
27 53
40 72
19 49
6 79
11 45
71 96
63 92
29 99
21 95
41 73
52 82
25 65
44 78
37 39
10 85
2 81
3 46
34 70
26 29
18 25
37 75
38 40
70 72
3 82
36 79
55 92
7 52
8 17
26 65
27 30
0 13
59 99
30 35
71 73
63 69
9 98
29 76
48 89
21 72
40 85
41 50
60 63
33 46
6 92
12 23
52 59
4 19
44 55
22 36
1 13
34 47
74 83
66 79
45 56
32 86
37 52
51 99
2 94
3 59
43 95
22 72
14 68
15 33
55 69
1 98
7 29
67 80
17 79
36 92
29 53
6 69
11 35
62 86
73 95
52 72
44 68
31 98
10 75
51 76
22 49
74 96
66 92
13 86
32 99
24 95
16 91
28 65
47 78
5 81
29 66
21 62
61 98
40 75
33 36
2 48
3 13
62 99
22 26
54 95
66 69
12 98
4 94
32 76
37 42
3 49
35 81
36 46
96 97
1 88
47 55
88 93
26 32
67 70
59 66
70 75
17 69
36 82
9 65
29 43
47 91
48 56
40 52
80 88
5 94
10 29
42 98
2 25
21 75
62 76
81 89
54 72
33 49
73 85
20 79
2 61
3 26
43 62
66 82
13 76
32 89
24 85
43 98
16 81
17 46
36 59
9 42
28 55
5 71
17 82
58 83
50 79
29 56
69 92
21 52
19 91
10 42
62 89
73 98
20 92
12 88
13 53
4 84
32 66
23 97
51 79
43 75
16 58
13 89
5 48
65 99
16 94
17 59
57 95
9 55
49 91
29 33
15 98
40 42
6 49
50 92
10 19
42 88
2 15
8 95
54 62
0 91
73 75
25 35
39 82
12 65
32 43
23 74
51 56
3 16
43 52
84 90
35 48
14 25
95 99
24 75
65 76
36 49
9 32
76 85
28 45
1 91
47 58
68 81
5 61
6 26
77 86
42 65
61 78
80 91
8 72
27 85
20 46
11 77
30 90
10 32
23 51
75 98
54 75
20 82
12 78
13 43
4 74
32 56
72 92
24 52
64 88
16 48
35 61
1 68
65 89
38 72
17 49
49 81
15 88
7 84
26 97
27 62
6 39
18 93
19 58
50 82
42 78
2 5
8 85
27 98
19 94
20 59
12 55
31 68
32 33
24 29
16 25
35 38
34 79
13 56
53 92
45 88
5 15
72 99
37 84
65 66
56 97
17 26
57 62
49 58
28 35
68 71
15 65
26 74
6 16
79 86
49 94
90 95
69 72
42 55
0 58
19 71
39 49
12 32
30 80
91 96
23 41
83 92
75 88
41 95
1 22
33 91
12 68
53 69
32 46
72 82
24 42
16 38
56 74
35 51
22 81
1 58
34 92
5 28
46 66
65 79
38 62
9 35
7 74
26 87
27 52
18 83
79 99
11 44
30 57
71 95
63 91
42 68
29 98
41 72
20 49
60 85
52 81
31 58
4 41
44 77
23 54
1 35
34 69
53 82
64 91
37 74
38 39
9 12
22 94
14 90
26 64
59 98
38 75
30 34
71 72
42 45
7 87
48 88
27 65
0 48
19 61
11 57
12 22
30 70
31 35
4 18
23 31
41 85
60 98
34 46
52 94
13 23
25 77
4 54
45 55
53 59
10 97
16 28
56 64
2 93
3 58
22 71
14 67
34 82
26 41
67 79
5 18
37 87
78 88
70 84
3 94
49 61
89 97
36 91
15 68
8 29
0 25
18 73
79 89
11 34
30 47
71 85
90 98
63 81
82 94
29 88
21 84
0 61
40 97
41 62
60 75
33 58
12 35
52 71
4 31
23 44
10 74
2 70
22 48
1 25
34 59
25 90
66 91
32 98
37 64
56 77
3 71
22 84
14 80
15 45
55 81
7 41
26 54
67 92
18 50
59 88
70 97
9 87
48 78
0 38
6 81
11 47
4 8
63 94
21 97
41 75
34 36
25 67
44 80
10 87
51 88
2 83
22 61
15 22
7 18
26 31
18 27
59 65
38 42
70 74
36 81
15 58
28 77
55 94
7 54
47 90
48 55
27 32
0 15
19 28
5 93
92 98
30 37
71 75
29 78
21 74
40 87
81 88
6 94
52 61
25 44
4 21
44 57
10 64
2 60
22 38
14 34
74 85
93 98
85 94
24 84
3 61
43 97
35 93
14 70
15 35
55 71
26 44
18 40
78 91
17 81
36 94
77 95
28 90
48 68
21 51
0 28
40 64
6 71
62 88
33 61
73 97
20 91
44 70
23 96
51 78
2 73
3 38
43 74
22 51
14 47
74 98
7 8
66 94
