# family=structured seed=2
# opt_upper_bound=20
200 6003
32 101
118 104
159 142
76 107
37 152
151 173
159 34
20 104
39 117
157 109
36 48
127 166
44 168
118 117
57 107
131 56
78 166
97 179
36 169
8 107
187 109
66 48
30 125
29 166
103 115
48 179
189 118
105 161
163 102
108 166
182 115
57 120
184 161
15 123
18 128
119 180
64 15
196 171
55 195
3 5
108 58
94 123
107 62
140 10
112 177
24 64
98 13
170 118
115 182
101 18
73 185
100 59
182 128
80 80
85 195
33 5
52 18
10 21
40 129
155 116
193 142
158 121
58 183
195 188
47 24
107 75
179 180
63 5
156 196
82 18
147 147
188 185
40 21
26 86
67 124
141 73
135 29
19 83
179 72
142 190
150 14
12 80
86 29
42 188
137 196
104 19
21 21
141 86
83 81
160 35
118 38
51 48
178 89
123 153
197 102
81 156
34 81
153 32
53 94
180 135
125 199
129 89
13 143
132 94
32 156
192 145
16 148
122 49
153 153
172 166
2 105
134 32
34 94
120 97
152 49
55 116
90 110
29 100
48 113
122 62
92 156
124 108
110 173
44 115
85 116
2 118
15 57
106 175
59 100
64 178
97 126
50 51
55 129
182 170
167 47
112 111
131 124
43 11
84 49
175 167
147 68
163 49
22 73
38 54
103 183
142 111
161 124
106 188
133 62
182 183
135 71
195 122
24 11
115 129
101 194
68 17
183 4
100 6
193 197
75 178
47 79
54 11
40 76
119 140
116 71
195 135
74 74
179 127
46 12
51 90
137 130
156 143
68 30
95 133
40 197
67 71
172 87
70 76
89 89
28 79
88 130
162 79
46 133
65 146
137 22
49 138
183 138
95 25
40 89
136 26
141 141
34 15
53 28
58 143
70 197
171 20
157 85
74 87
93 100
132 28
26 46
67 84
70 89
28 92
88 143
143 42
60 44
5 108
159 23
123 100
134 195
34 28
125 146
144 159
23 98
60 165
159 144
197 170
29 34
134 87
194 101
166 39
41 44
113 149
25 36
11 101
117 39
48 168
20 106
6 171
25 157
2 173
29 47
175 101
194 114
152 117
36 171
196 160
55 184
108 47
66 50
112 166
98 2
184 42
101 7
127 181
140 120
10 10
115 63
156 64
1 190
161 179
128 2
119 182
45 4
86 5
77 185
66 63
167 115
112 179
184 55
115 184
73 187
105 176
77 77
107 185
142 179
54 66
17 184
177 136
130 61
75 125
149 74
93 142
79 15
21 10
125 67
70 131
190 196
61 82
165 139
192 13
49 193
197 91
35 29
40 144
100 195
171 75
47 39
148 91
179 195
146 18
123 34
109 136
7 88
39 40
83 83
47 160
197 104
21 144
76 43
199 150
9 26
69 40
187 32
51 171
30 48
150 150
7 101
185 107
4 32
138 32
124 97
118 53
145 156
117 94
113 96
173 110
134 155
122 64
6 118
152 172
105 97
108 102
127 115
145 169
2 120
43 121
84 159
98 57
18 64
59 102
152 64
186 62
29 115
170 54
161 5
133 172
152 185
45 59
108 115
8 177
149 116
11 182
85 131
189 188
82 62
1 137
161 126
100 116
119 129
77 132
75 59
149 8
140 188
93 76
126 24
10 78
170 67
115 131
68 19
109 57
61 16
102 17
47 81
19 19
114 27
77 145
151 30
40 199
86 86
28 81
162 81
74 197
151 151
150 192
183 140
62 79
67 194
70 199
199 84
74 89
60 154
13 79
151 43
178 146
136 149
153 89
37 143
166 28
143 44
113 138
25 25
151 164
104 89
20 95
37 35
143 165
55 52
96 90
60 167
173 44
159 146
71 33
134 89
92 92
78 157
69 108
55 173
166 162
23 113
105 152
55 65
96 103
85 173
159 159
38 98
161 168
193 120
108 49
154 165
173 178
126 66
186 117
24 55
43 68
103 119
115 173
15 6
106 124
6 186
147 125
100 50
105 165
124 178
22 130
85 186
126 187
38 111
198 63
189 14
128 4
59 170
100 171
147 17
45 6
86 7
135 128
195 179
47 15
126 79
24 68
65 69
10 133
165 7
101 22
109 112
147 138
40 12
86 128
31 192
75 6
195 71
74 10
179 63
65 190
156 79
142 181
40 133
174 133
172 23
130 63
116 128
135 141
28 15
47 28
88 66
162 15
51 147
183 74
169 139
141 77
86 141
181 149
0 74
60 88
93 36
165 141
13 13
123 144
16 18
35 31
21 133
95 82
40 146
53 85
157 142
28 28
14 93
129 80
93 157
179 197
187 21
81 39
39 42
111 147
47 162
16 31
35 44
136 96
20 150
138 142
196 83
55 107
96 145
160 160
132 98
118 163
71 88
164 50
29 91
62 39
92 147
25 93
159 93
76 58
136 109
175 37
78 104
36 107
110 56
96 158
145 50
175 158
194 171
87 45
3 51
182 53
25 106
57 58
15 61
94 61
52 64
98 180
131 128
24 2
10 67
15 182
189 69
18 187
45 61
3 64
75 169
107 121
63 51
156 13
114 16
100 118
119 131
149 10
19 129
179 118
10 80
137 121
101 198
68 21
67 62
144 16
130 118
33 185
107 134
179 10
5 86
165 75
65 137
137 13
81 81
86 196
3 198
144 137
190 24
135 88
176 126
14 27
93 91
46 16
197 148
155 188
7 24
172 91
102 32
148 148
0 21
46 137
165 88
44 27
62 81
67 196
141 145
14 40
0 142
74 91
113 19
63 198
159 135
16 86
95 150
139 156
37 145
166 30
9 83
27 100
44 40
134 199
106 100
39 110
125 150
23 102
96 92
60 169
99 97
173 46
71 35
48 51
120 156
6 54
154 154
25 40
66 41
85 54
90 169
142 36
161 49
124 167
196 43
140 111
131 62
29 51
78 172
8 113
154 167
181 4
112 170
101 11
142 49
31 181
105 167
184 167
101 132
1 194
188 57
119 186
31 73
17 175
89 14
149 65
176 168
47 17
52 132
79 6
68 76
54 178
128 127
12 181
31 194
121 124
107 189
33 11
93 25
137 68
183 184
21 122
12 73
58 189
56 79
116 130
0 184
33 132
192 125
51 149
137 189
109 127
21 14
62 15
81 28
39 31
199 20
83 74
116 22
19 89
160 28
165 143
51 41
150 20
34 74
53 87
125 192
157 144
69 31
0 197
129 82
192 138
145 26
90 90
62 28
134 133
111 149
138 23
28 151
157 36
41 90
104 146
164 160
76 47
81 162
34 87
157 157
96 147
71 90
175 147
111 162
8 155
11 160
38 34
76 60
117 98
18 55
154 101
173 114
43 4
103 55
73 112
152 176
124 114
94 171
140 58
79 48
84 163
156 2
73 4
59 106
119 120
64 184
193 69
163 163
94 63
38 168
167 53
186 66
170 58
189 71
12 115
31 128
3 66
75 171
52 187
19 10
79 61
65 126
142 117
128 182
54 4
45 184
75 63
179 120
65 18
192 59
137 123
82 187
169 75
7 13
26 26
12 128
86 77
72 142
125 5
89 82
116 185
149 133
28 72
0 10
146 64
63 66
104 67
49 131
178 16
95 18
40 82
67 185
141 134
72 34
70 190
199 75
93 93
179 133
165 198
132 21
150 75
199 196
166 19
185 32
44 29
122 97
39 99
125 139
199 88
37 26
56 39
102 155
143 156
146 198
132 34
44 150
159 137
178 150
117 140
111 96
56 160
143 48
55 164
29 148
99 99
38 89
112 38
57 102
136 166
6 56
133 97
78 161
188 33
124 48
196 153
127 53
25 42
166 166
105 156
17 43
22 121
43 180
161 172
22 13
195 170
107 57
147 129
119 67
17 56
61 62
176 49
121 113
181 127
98 129
169 9
135 132
47 19
179 175
156 191
49 65
82 13
123 14
183 65
141 68
58 70
42 62
61 75
79 129
165 132
192 6
67 11
56 81
28 19
47 32
33 134
88 70
162 19
67 132
153 135
172 148
20 20
130 188
157 25
47 153
46 194
13 17
118 33
35 35
153 27
180 130
83 197
74 148
13 138
32 151
164 41
34 197
92 138
185 100
124 90
113 197
13 30
25 84
99 33
76 49
175 28
120 92
180 143
196 87
113 89
186 42
48 108
64 52
124 103
69 167
96 41
108 95
182 44
66 98
30 175
98 50
101 55
106 170
64 173
110 60
99 167
52 55
133 165
45 52
31 117
64 65
3 55
108 108
149 109
79 50
98 63
158 50
94 65
38 170
79 171
179 109
24 6
65 7
15 186
109 50
73 127
174 179
193 192
86 66
191 119
70 58
149 122
168 135
47 74
162 61
79 63
142 119
53 10
158 63
56 15
179 122
198 135
51 85
197 139
21 179
86 79
72 144
177 197
116 187
33 189
107 138
148 139
0 12
60 26
104 69
183 133
7 136
136 21
67 187
72 36
70 192
56 28
102 144
0 133
113 10
137 138
197 152
16 77
169 90
53 144
72 157
125 20
37 136
9 74
148 152
41 26
5 103
44 31
104 82
16 198
2 34
122 99
139 39
39 101
199 90
185 155
9 195
83 144
157 93
55 45
113 23
13 85
118 101
71 26
16 90
35 103
29 29
34 144
152 99
44 44
30 109
2 47
117 34
184 24
122 112
64 107
138 93
96 96
25 152
2 168
161 161
18 112
59 150
133 99
124 50
36 166
66 45
189 115
101 2
4 106
36 58
22 123
108 163
176 38
126 180
189 7
161 174
59 163
133 112
75 107
154 171
195 172
52 123
181 8
112 174
68 67
73 182
147 131
177 10
77 72
149 177
24 182
82 123
156 72
95 62
169 11
114 75
190 70
195 185
179 177
192 116
156 193
104 3
49 67
68 80
109 118
95 183
81 19
12 185
89 139
28 129
157 14
47 142
162 129
160 19
146 121
5 145
13 6
123 137
95 75
56 83
171 70
116 134
28 21
69 22
88 72
179 190
151 91
62 19
7 83
141 83
153 137
125 75
70 139
102 91
143 92
5 158
32 32
164 151
35 37
134 16
180 132
97 97
157 148
9 21
14 99
55 100
118 156
159 194
30 43
145 30
117 197
103 33
6 100
166 89
185 102
83 91
164 164
103 154
175 30
18 46
92 32
152 46
50 35
8 38
99 156
145 43
15 162
87 38
6 113
18 167
110 170
108 97
8 159
25 99
186 165
38 38
142 95
175 43
119 111
77 114
80 119
87 51
147 65
105 105
149 111
66 113
107 114
181 63
198 3
184 105
170 170
114 9
155 47
61 119
121 170
140 183
33 57
38 172
179 111
198 124
188 116
70 60
33 178
93 192
146 55
95 9
67 176
53 12
72 25
144 130
42 119
0 122
93 84
79 186
165 189
192 63
51 87
82 191
67 68
72 146
144 22
171 125
116 189
47 89
32 195
65 143
178 20
62 74
95 22
26 151
56 30
146 189
192 76
51 100
48 31
34 133
134 71
194 85
28 89
14 154
127 31
166 144
9 197
83 146
55 47
60 162
90 41
117 144
29 31
194 98
50 90
143 52
127 44
154 147
187 95
11 98
2 49
184 26
103 101
106 106
29 44
59 152
133 101
188 37
31 53
105 39
22 4
8 106
173 173
66 47
84 101
170 104
73 171
100 45
163 101
184 160
161 176
155 102
12 53
31 66
77 182
89 7
130 45
176 161
65 64
115 181
149 179
47 131
121 117
162 118
195 66
24 184
63 112
144 185
177 133
171 59
28 10
93 139
179 179
10 141
137 182
197 196
114 198
12 187
172 139
130 179
47 144
107 195
148 196
19 82
5 147
178 75
7 193
139 83
72 93
111 21
28 23
69 24
74 139
148 88
146 15
46 77
32 142
172 152
138 16
13 21
81 155
166 199
78 86
97 99
50 24
69 37
96 140
32 155
71 83
29 86
111 155
4 29
23 42
8 148
182 35
57 40
117 91
15 43
175 32
106 161
152 48
97 112
138 150
196 91
8 40
11 45
112 97
76 174
133 156
152 169
64 56
105 94
3 46
189 172
15 56
147 175
100 100
121 159
154 107
195 108
38 161
198 113
115 115
156 116
109 41
128 54
119 5
91 172
110 185
77 8
89 62
94 177
168 126
107 116
167 167
198 5
98 67
189 185
142 110
40 62
114 11
45 177
158 54
75 56
116 57
176 108
148 9
63 167
137 116
82 180
151 14
49 3
155 170
172 73
72 135
158 175
47 78
93 194
165 70
137 8
56 19
171 6
28 186
157 71
162 186
19 137
148 22
46 11
132 14
151 27
123 194
197 143
37 127
28 78
146 70
187 71
104 73
178 22
90 138
21 75
81 89
153 194
125 132
97 33
41 138
118 92
159 130
29 20
134 73
53 148
185 38
9 78
129 143
192 199
44 35
159 22
145 87
62 89
103 90
134 194
39 105
59 20
83 148
36 36
76 108
59 141
78 154
97 167
124 41
36 157
8 95
27 108
103 103
122 116
142 31
87 95
6 170
119 47
168 168
25 156
195 42
175 100
110 119
8 108
24 52
170 106
87 108
3 114
80 68
140 119
10 9
114 66
174 117
172 7
177 122
190 61
52 127
181 12
109 109
86 125
70 117
74 7
5 136
32 10
63 114
51 23
21 117
67 4
111 10
56 74
171 61
135 138
176 176
0 179
33 127
165 17
109 122
164 21
183 71
7 74
74 20
46 187
159 64
178 77
34 69
92 10
132 82
39 39
9 133
83 82
138 18
122 158
120 85
78 88
96 142
154 83
48 101
106 42
4 31
64 45
50 147
69 160
110 161
22 48
182 37
85 104
43 107
103 158
122 171
154 96
99 160
167 35
112 99
15 166
1 2
18 171
45 45
105 96
3 48
168 115
80 2
167 156
79 43
106 176
119 115
17 104
91 53
112 112
156 118
73 120
18 184
188 107
174 172
177 177
77 10
135 180
88 105
167 169
79 56
198 7
63 48
82 61
155 51
144 121
121 174
83 3
28 67
162 67
107 131
65 134
151 137
104 62
178 11
109 177
128 190
169 191
7 129
172 196
39 81
28 188
190 21
19 139
113 3
46 13
35 83
21 185
155 185
172 88
70 77
185 27
190 142
69 81
14 145
129 132
74 196
41 19
113 124
13 186
26 155
139 32
113 16
178 145
131 33
48 35
34 137
14 158
129 145
127 35
44 37
44 158
159 145
173 43
71 32
29 35
15 100
91 95
196 148
108 35
27 110
24 41
29 156
3 103
108 156
182 105
85 172
112 46
43 175
15 113
101 116
156 52
188 41
12 44
191 46
177 111
77 173
130 36
75 100
66 51
65 55
45 113
163 105
42 44
168 183
195 57
24 175
43 188
142 167
1 191
54 54
169 4
114 68
100 170
119 183
172 9
77 186
33 116
179 170
49 60
109 111
58 65
190 184
102 71
74 9
82 129
123 130
114 81
141 184
67 6
58 186
144 189
199 125
70 11
19 194
179 183
123 22
150 125
95 189
20 15
39 28
111 133
23 20
83 71
47 148
159 66
49 194
197 92
62 133
7 197
92 12
56 89
129 79
41 195
160 146
27 31
132 84
32 146
173 85
16 138
35 151
29 77
48 90
37 197
166 82
71 195
104 143
194 36
180 138
39 162
18 39
4 141
133 26
36 93
55 106
8 31
99 149
30 49
76 165
134 143
175 144
6 106
18 160
133 147
152 160
50 149
15 47
1 112
18 52
11 49
57 165
175 157
191 101
3 50
107 107
79 45
43 122
128 166
31 4
79 166
82 171
156 120
174 174
177 179
3 63
162 56
52 184
10 187
63 50
95 2
114 15
26 131
12 4
72 18
199 59
3 184
144 123
56 10
121 176
33 63
93 77
109 58
150 59
169 72
125 2
70 66
89 79
130 117
171 118
47 82
88 120
32 188
65 136
151 139
44 13
63 63
68 141
109 179
62 67
95 15
199 72
37 10
14 26
146 182
159 121
21 187
95 136
7 23
172 90
180 180
116 195
28 82
14 147
41 21
30 91
145 78
134 185
23 88
97 37
83 139
25 134
76 99
117 137
78 145
111 93
196 137
55 161
127 37
43 43
105 140
41 155
25 147
99 96
154 32
85 161
76 112
29 37
18 107
59 145
110 110
173 166
29 158
103 107
189 110
188 151
105 153
191 156
121 97
140 110
126 175
198 51
43 177
115 53
54 43
119 172
181 3
54 164
130 159
135 8
80 72
66 174
19 62
93 11
142 169
1 193
95 57
174 121
119 185
116 116
190 65
195 180
107 67
148 68
68 75
199 6
42 59
116 8
107 188
181 137
60 76
93 24
65 191
51 27
137 67
68 196
183 183
150 6
81 135
26 199
34 60
53 73
125 178
9 3
102 194
13 122
104 11
145 12
35 140
7 78
83 73
46 191
132 194
187 130
25 68
123 145
136 84
122 149
139 89
180 127
23 143
50 17
129 81
76 154
50 138
27 154
145 146
57 33
122 162
175 25
106 154
78 92
27 46
186 39
131 103
115 95
188 85
133 149
4 35
105 87
91 152
22 52
94 157
84 149
103 162
189 165
15 49
142 90
17 95
52 52
156 109
101 173
189 57
87 46
45 49
191 103
110 178
89 55
149 106
121 44
79 47
101 65
100 106
86 171
119 119
19 117
52 65
31 127
70 55
130 106
75 170
102 7
5 74
46 112
165 63
170 178
128 181
21 55
42 114
176 114
47 192
19 130
146 171
5 195
79 181
51 82
82 186
169 74
114 138
12 127
53 128
70 68
171 120
83 7
0 9
165 76
81 82
125 125
70 189
111 190
185 139
37 12
129 15
146 184
13 69
132 20
32 82
159 123
90 23
76 88
117 126
53 141
139 144
138 185
50 72
41 23
192 192
30 93
104 79
150 195
62 82
6 150
166 139
23 90
157 90
115 29
15 91
175 80
120 144
138 198
105 21
196 139
27 101
168 40
25 28
24 32
103 96
189 99
122 109
161 37
166 152
119 40
64 104
105 142
115 42
15 104
188 32
31 48
196 152
154 155
66 42
24 45
10 110
170 99
115 163
147 115
105 155
193 2
182 109
168 174
1 182
161 171
73 58
94 117
190 54
33 107
126 69
167 107
46 46
109 102
128 115
67 105
31 182
191 171
70 110
144 59
61 61
107 177
65 180
51 16
123 121
197 70
174 123
144 180
89 15
176 169
150 116
12 182
141 67
153 121
39 19
125 59
130 174
42 61
165 131
65 193
159 57
197 83
21 123
136 73
42 182
148 83
104 13
16 129
169 142
81 29
124 76
160 29
46 193
132 196
178 83
117 73
134 13
139 91
111 29
83 196
41 199
154 76
131 92
29 81
134 134
38 22
110 46
52 41
115 97
189 46
193 165
45 38
191 92
110 167
3 41
182 43
94 159
121 33
140 46
85 110
186 162
98 49
189 167
1 116
161 105
3 162
176 90
33 41
126 3
82 162
15 172
147 62
193 178
168 121
162 47
107 111
165 52
10 178
63 41
156 3
101 67
86 173
72 9
77 124
163 164
75 51
195 116
181 181
74 55
93 68
165 173
192 47
114 127
26 14
70 57
74 176
181 73
146 52
151 130
68 132
183 119
81 71
56 14
61 129
148 17
5 197
32 71
178 125
16 63
49 11
35 76
34 117
67 65
158 183
125 6
37 122
70 70
116 186
157 187
9 60
83 9
28 73
14 138
146 65
187 66
32 192
104 68
49 132
169 197
23 79
138 66
196 7
146 186
187 187
131 26
29 15
48 28
34 130
185 33
97 149
138 187
50 74
124 23
14 151
11 82
150 197
2 33
134 189
185 154
4 79
36 31
173 36
115 31
92 84
173 157
1 50
6 165
4 92
100 29
195 37
115 44
91 101
186 109
184 36
10 112
84 98
188 155
163 98
42 37
168 176
195 50
107 166
181 115
79 104
98 117
177 117
75 106
116 107
137 166
183 53
73 181
81 5
58 58
181 128
0 53
178 59
123 123
197 72
21 112
155 112
158 117
61 184
102 185
135 133
190 69
88 58
104 2
125 61
56 190
190 190
160 18
16 10
180 118
199 131
111 18
56 82
42 184
9 7
0 187
41 188
74 136
104 15
6 86
23 26
129 193
160 31
187 134
25 72
99 21
44 85
71 188
16 23
103 140
15 27
194 29
138 134
113 77
196 196
8 145
113 198
122 166
15 40
1 105
18 45
17 86
75 27
154 91
186 43
198 97
133 153
163 32
22 56
149 97
11 163
1 118
155 33
58 100
181 170
33 43
38 158
179 97
73 115
188 102
130 97
94 174
47 62
33 164
88 100
126 126
63 43
82 56
156 5
89 180
176 105
179 110
197 127
54 115
28 62
162 62
74 178
5 78
192 170
63 56
178 6
95 8
136 9
56 16
47 196
132 11
90 14
21 180
95 129
48 17
134 57
172 83
111 73
116 188
83 11
69 76
74 191
132 132
16 186
48 138
34 11
39 89
69 197
143 146
14 32
96 71
196 9
25 127
173 25
16 78
117 130
134 70
194 84
139 148
199 199
124 25
69 89
8 79
11 84
131 149
117 22
48 151
185 156
182 87
140 90
2 156
175 84
194 97
78 151
36 154
110 103
52 98
85 46
112 149
186 98
106 105
6 167
77 47
195 39
140 103
126 168
184 146
54 36
193 114
36 167
168 57
186 111
189 116
100 44
12 160
191 162
163 100
42 39
162 104
126 181
98 119
114 63
119 178
172 4
192 104
68 68
169 120
26 71
42 52
160 7
65 184
49 176
197 74
35 12
95 63
125 171
158 119
61 186
157 123
129 61
148 74
179 178
197 195
123 17
95 184
114 197
7 71
34 174
122 21
166 64
132 187
99 10
16 12
2 77
20 131
37 71
97 85
9 9
14 87
96 126
113 66
132 79
32 141
136 198
194 139
152 142
171 192
64 29
69 144
187 136
85 88
30 152
164 152
133 21
50 23
110 37
71 82
131 96
76 160
15 150
105 80
91 145
196 198
15 42
142 83
22 166
140 158
33 32
52 45
186 45
89 48
75 150
149 99
11 165
107 102
186 166
79 40
1 120
119 112
158 40
3 166
116 43
135 56
195 107
140 171
52 58
179 99
198 112
98 174
82 166
128 53
40 169
193 182
31 120
89 61
149 112
79 53
65 118
170 171
40 61
81 62
26 126
72 13
116 56
61 120
181 185
93 72
179 112
156 128
90 3
141 5
41 3
60 16
35 188
68 136
62 62
153 180
9 172
102 134
47 198
41 124
118 78
90 16
81 196
34 121
185 24
171 126
129 129
41 16
16 188
7 139
153 193
120 16
59 6
4 70
185 145
96 73
173 27
34 134
20 199
97 153
145 86
131 151
105 135
124 148
25 142
140 92
112 30
84 197
117 145
115 35
15 97
66 35
126 49
131 164
43 51
84 89
1 54
45 97
105 148
61 41
149 46
61 162
80 175
107 49
65 52
188 159
26 60
67 98
3 113
168 180
19 57
79 108
63 100
40 116
114 65
177 121
42 162
179 167
65 65
192 106
183 57
53 176
89 129
130 167
46 173
165 124
63 113
178 63
183 178
139 71
102 189
19 191
146 3
192 119
104 6
197 197
136 187
37 181
185 79
4 4
148 197
96 7
41 71
145 128
37 73
78 74
23 138
111 22
110 26
160 143
8 15
99 133
71 71
16 135
34 189
166 79
78 195
50 133
69 146
22 34
187 138
25 76
99 25
145 141
2 92
43 93
76 41
184 69
138 138
110 39
96 141
182 144
8 28
159 197
52 34
131 98
170 26
15 152
18 157
124 95
22 47
108 87
66 90
85 103
30 167
167 142
103 157
82 34
161 98
186 47
98 163
18 170
91 160
89 50
33 155
162 40
181 53
126 117
186 168
79 42
82 47
89 171
22 181
198 114
146 45
165 58
151 123
192 161
197 10
21 50
67 166
86 179
158 55
70 171
0 112
74 61
19 125
160 64
137 117
82 181
150 56
7 7
172 74
37 115
135 192
28 66
14 131
5 82
32 185
51 198
104 61
26 141
185 134
97 21
157 72
55 24
160 77
60 139
44 131
117 121
34 123
20 188
139 139
199 190
6 24
37 128
171 128
124 16
74 195
108 8
13 185
29 129
48 142
122 91
180 69
41 139
173 29
71 18
131 32
139 152
152 91
66 24
186 89
131 153
84 78
87 83
80 43
115 37
161 153
31 43
191 32
177 97
130 22
167 89
170 94
115 158
189 107
86 100
191 153
77 51
121 94
66 158
198 48
73 53
174 105
193 118
12 43
58 159
80 177
33 102
93 116
137 159
109 97
73 174
86 113
58 51
61 56
102 57
79 110
68 180
21 105
169 3
56 62
135 126
0 167
129 52
19 180
35 124
150 111
95 175
70 118
171 170
42 56
28 121
165 126
68 193
16 3
21 118
185 189
138 114
83 178
74 129
51 145
197 199
16 124
95 188
134 116
194 130
111 132
129 186
160 24
27 138
104 129
145 130
164 143
16 16
7 196
120 73
180 124
39 148
4 127
138 127
41 194
154 71
99 135
178 199
120 194
87 17
133 133
78 197
166 81
96 22
8 138
66 79
71 194
175 22
108 197
75 20
140 149
170 28
128 31
73 95
31 98
11 156
181 42
98 44
43 108
184 84
101 49
142 87
161 100
40 39
119 103
121 149
167 36
79 152
198 103
170 41
54 95
128 44
147 57
149 103
135 168
33 157
162 42
126 119
167 157
79 44
165 47
26 117
158 44
89 173
116 47
79 165
198 116
32 53
51 66
67 47
158 165
171 104
165 60
67 168
53 4
139 7
89 186
83 112
118 69
16 58
40 186
7 9
48 10
134 50
37 117
157 182
69 69
60 20
113 112
187 61
32 187
44 12
35 192
81 79
172 197
180 58
39 82
111 187
83 125
69 190
159 120
104 184
178 133
164 198
131 21
117 123
136 136
48 23
199 192
92 66
37 130
166 15
157 195
69 82
27 85
132 138
11 77
145 77
164 90
84 67
23 87
105 126
196 15
96 77
112 21
15 88
175 77
73 29
4 195
78 144
133 80
91 83
55 160
66 26
184 18
103 93
87 85
105 139
195 32
140 96
126 161
142 142
73 42
174 94
119 158
17 147
177 99
186 104
86 102
119 50
22 117
19 48
198 50
137 40
82 104
183 156
40 107
72 59
177 112
116 102
61 166
176 153
47 2
5 5
109 99
7 51
141 51
149 171
47 123
0 48
19 61
165 115
151 180
137 53
123 118
35 5
155 107
72 72
37 51
42 166
190 64
102 180
51 134
137 174
35 126
190 185
47 136
120 62
194 11
139 75
199 126
50 3
69 16
32 134
118 137
159 175
11 11
194 132
139 196
111 134
171 185
50 124
129 188
96 11
2 83
136 83
180 126
78 78
50 16
127 199
94 22
154 73
11 24
15 143
147 33
152 148
4 21
124 86
108 78
27 153
145 145
57 32
29 199
175 24
163 135
22 159
140 151
52 38
167 25
112 89
10 41
128 33
59 199
191 89
168 105
181 44
100 92
22 172
181 165
38 153
93 52
98 167
40 162
155 149
193 175
135 170
183 103
21 41
114 3
26 119
155 41
70 162
116 49
61 113
114 124
67 49
177 180
171 106
33 172
162 57
32 176
51 189
35 181
68 129
139 9
39 71
125 111
199 60
138 50
47 191
14 14
5 194
32 68
35 73
53 127
180 168
6 15
185 17
97 133
116 183
143 20
41 9
127 12
113 114
132 127
32 189
192 178
71 117
20 71
97 25
138 63
157 76
27 195
60 143
104 186
29 12
134 65
175 66
20 192
110 85
108 12
127 25
25 14
30 92
16 194
57 195
103 82
64 90
50 192
143 154
187 197
154 20
57 87
175 79
73 31
59 133
188 18
31 34
8 87
154 141
52 93
38 195
85 41
142 23
87 87
191 144
22 106
112 36
98 101
115 41
73 44
100 147
31 47
195 155
33 93
167 93
65 45
10 109
147 114
31 168
89 109
61 47
80 60
126 176
137 42
142 157
183 158
80 181
195 168
74 107
10 122
26 66
42 47
107 176
21 109
37 53
171 53
129 56
148 69
60 185
113 48
13 110
35 128
48 67
81 15
134 107
53 182
139 185
172 133
190 187
9 112
60 77
5 141
113 169
104 120
123 133
120 64
180 115
125 179
92 2
102 195
69 18
8 8
187 10
132 74
2 193
131 78
164 26
134 120
87 8
111 136
23 23
9 125
64 24
69 139
143 88
30 147
71 185
90 198
164 147
103 137
23 144
152 29
124 196
110 32
41 198
154 75
159 190
186 27
189 32
188 73
45 24
105 75
182 29
121 19
140 32
126 97
79 22
82 27
22 161
135 38
80 102
154 88
167 27
57 155
186 40
10 43
15 158
189 45
128 35
18 163
188 86
91 153
177 156
3 40
181 46
186 161
82 40
155 30
89 164
22 174
42 89
116 38
195 102
181 167
93 54
10 56
109 35
169 49
114 113
31 115
172 54
70 43
89 56
130 94
52 174
10 177
7 108
40 56
125 100
102 116
47 180
32 57
82 174
178 111
40 177
67 51
72 129
199 170
70 56
46 113
151 129
51 191
192 167
104 54
150 170
141 121
172 188
157 65
21 177
76 76
6 17
74 188
160 191
164 81
153 188
139 24
39 86
180 62
50 181
143 143
2 140
76 89
15 79
175 68
20 194
6 30
36 138
108 14
13 191
11 81
30 94
112 133
186 82
24 20
43 33
134 188
92 191
59 14
17 17
187 199
80 36
66 138
15 92
161 146
119 149
105 22
108 27
154 143
66 30
38 197
186 95
198 149
84 84
142 25
1 49
161 38
17 30
163 84
149 149
66 151
140 100
19 39
198 41
98 103
142 146
54 33
193 111
94 105
179 149
10 111
170 100
128 103
191 159
3 108
130 149
144 47
102 50
181 114
179 41
63 95
95 47
26 176
158 103
58 165
190 55
197 179
9 101
42 49
88 165
129 166
41 53
21 111
180 104
56 68
97 69
69 7
14 71
19 186
113 50
51 138
16 117
90 66
164 15
150 117
103 5
92 112
166 61
41 66
113 171
118 20
2 74
34 63
175 2
185 195
4 120
23 133
36 72
113 63
178 192
76 144
136 195
6 85
78 190
152 139
4 12
110 142
187 133
140 21
85 85
38 10
184 64
175 15
161 80
124 198
196 74
182 139
175 136
194 149
152 152
45 26
50 141
182 31
66 85
85 98
181 35
189 155
82 29
15 39
106 157
119 96
64 160
33 29
101 163
128 37
86 40
149 96
135 161
121 34
52 163
126 112
165 40
82 42
142 93
147 171
155 32
45 160
174 45
58 99
89 166
61 104
195 104
198 109
51 59
40 166
26 2
153 43
172 56
158 158
47 61
10 179
49 107
128 171
26 123
86 174
180 38
39 62
144 115
42 104
14 5
0 107
181 182
13 46
16 51
136 116
169 64
48 3
53 118
92 46
56 123
185 8
28 61
5 77
151 131
192 169
104 56
35 185
2 8
39 75
132 10
164 191
16 64
131 14
48 16
20 183
39 196
37 123
55 140
13 180
48 137
20 75
6 140
92 180
166 129
23 80
182 73
118 88
159 126
38 65
131 27
15 81
161 135
106 199
6 32
97 150
127 29
71 134
24 22
92 193
133 194
119 30
191 135
91 197
36 32
163 73
84 194
156 33
73 35
59 137
163 194
94 94
168 43
195 146
107 33
115 153
189 102
86 95
89 100
198 43
95 36
40 100
58 154
130 30
19 162
179 151
51 114
156 167
88 154
5 119
68 175
199 106
37 44
129 47
192 103
178 168
197 181
150 106
144 62
47 129
0 54
160 6
159 47
49 175
178 60
35 11
141 178
20 117
139 68
125 170
152 7
97 71
138 109
157 122
41 176
44 181
30 17
103 7
171 178
124 66
129 181
41 68
113 173
187 122
44 73
159 60
48 192
15 15
6 195
50 9
30 30
112 69
134 124
64 28
36 195
108 71
30 151
71 189
122 154
15 28
142 69
175 17
18 33
77 88
110 36
99 143
52 31
54 77
59 192
188 77
193 155
196 197
3 31
8 146
181 37
126 101
188 198
174 34
158 26
58 88
61 93
135 42
121 144
195 93
10 47
169 40
155 142
174 155
31 106
89 47
88 88
167 152
79 39
165 42
183 96
40 47
155 34
100 98
102 107
0 96
19 109
63 152
35 53
155 155
174 168
12 106
70 47
116 163
135 176
93 179
132 107
51 182
197 7
62 48
81 61
26 125
67 163
144 117
42 106
97 5
0 109
148 7
159 102
104 166
62 169
95 117
136 118
139 123
180 161
69 64
129 115
160 182
192 171
16 174
62 61
136 10
120 2
39 77
37 4
78 5
41 123
187 177
13 61
44 128
173 13
16 66
131 16
78 126
50 64
196 118
55 142
96 180
127 18
27 80
57 188
43 24
117 10
152 196
99 77
38 67
131 29
161 137
152 88
36 142
182 196
108 18
38 188
126 35
24 24
142 16
64 96
50 198
191 137
168 153
85 155
79 81
170 199
161 150
73 37
59 139
17 142
91 91
176 135
195 148
179 140
65 38
156 156
68 43
54 145
89 102
149 153
61 40
114 51
141 154
130 32
42 148
88 35
151 54
109 94
42 40
19 56
165 110
151 175
53 54
39 119
72 67
113 41
32 116
51 129
178 170
114 185
111 116
23 3
9 105
143 68
160 8
60 70
187 111
164 127
136 65
81 129
120 57
23 124
152 9
102 188
0 177
129 62
13 116
132 67
71 57
2 186
76 135
117 173
131 71
136 186
103 9
153 126
4 3
23 16
138 3
182 9
127 73
30 140
29 181
62 129
166 186
152 22
138 124
182 130
27 27
99 132
159 183
84 9
29 73
15 138
120 191
106 27
182 22
27 148
154 189
66 76
140 25
85 89
115 197
142 71
105 189
193 36
108 194
182 143
94 30
38 135
98 149
147 41
174 144
45 30
177 149
149 87
52 154
79 28
63 20
147 162
22 167
42 82
33 33
51 50
40 157
114 106
72 109
28 39
162 39
5 55
49 98
123 47
109 149
67 152
199 42
89 170
42 95
146 152
79 162
165 165
51 63
82 167
95 106
72 122
199 163
129 104
46 106
51 184
104 47
35 176
197 9
169 176
153 168
20 53
180 42
125 106
199 55
185 120
157 58
47 186
14 9
0 111
146 165
44 117
178 117
123 181
16 55
21 170
81 184
153 60
124 2
74 181
160 184
41 4
173 123
90 125
48 128
153 181
39 79
138 58
50 174
127 128
187 179
159 117
71 4
136 133
175 61
180 176
6 23
92 63
50 66
69 79
55 144
99 187
29 128
106 82
133 185
25 130
80 29
43 147
101 88
78 141
31 29
191 18
75 72
8 82
149 21
66 23
29 141
115 144
128 83
188 134
179 21
101 101
54 26
12 29
190 35
88 24
46 27
147 109
100 34
89 104
61 42
24 160
68 166
40 104
174 104
72 56
158 96
177 109
130 34
190 48
0 153
19 166
148 51
151 56
197 172
109 96
12 163
172 115
89 117
9 94
42 42
102 56
88 158
148 172
51 10
49 166
39 121
144 174
56 61
102 177
14 64
129 51
148 64
60 180
13 105
178 172
16 110
90 59
81 10
34 164
134 102
56 182
23 5
9 107
14 185
143 70
160 10
76 16
81 131
194 8
185 188
138 113
143 191
113 56
25 172
145 8
131 73
34 177
139 193
92 118
37 182
111 131
23 18
110 135
22 22
127 75
131 194
15 19
6 199
18 24
110 27
25 185
99 134
154 70
84 11
120 193
73 81
147 30
163 11
108 75
149 76
94 140
52 143
126 92
43 94
84 132
15 32
106 150
188 189
59 75
100 76
105 191
191 194
193 38
163 132
22 156
182 145
176 71
52 35
10 38
156 92
147 43
100 197
91 148
162 28
126 105
24 94
183 87
75 32
116 33
33 35
93 49
165 154
137 92
51 52
95 95
174 159
72 111
47 54
49 100
128 164
21 38
28 162
162 162
160 52
93 62
146 154
51 65
178 106
21 159
95 108
157 168
69 55
148 119
13 160
90 114
62 52
172 183
20 55
139 6
70 172
166 109
9 162
143 125
55 12
41 114
160 65
60 127
13 52
118 68
76 71
136 122
81 186
122 187
199 178
111 65
23 181
56 129
138 168
124 4
196 109
13 173
150 178
122 79
105 112
143 138
57 71
62 186
115 12
106 192
18 79
4 181
59 117
152 79
97 143
191 7
55 146
173 138
85 25
115 133
175 184
133 187
4 73
105 125
124 138
3 77
36 25
127 143
154 17
198 23
4 194
31 31
75 74
195 139
65 29
3 90
61 31
121 82
98 98
63 77
155 80
174 93
12 31
31 44
58 147
77 160
93 104
31 165
130 144
0 34
19 47
46 150
79 98
63 90
197 53
58 160
37 37
129 40
32 107
151 58
90 48
109 98
7 50
67 101
72 179
41 48
44 53
159 40
118 2
104 104
49 168
68 181
123 117
35 4
76 5
60 182
136 177
39 15
166 56
171 171
83 58
187 115
44 66
164 131
139 74
6 188
180 112
18 13
4 115
152 13
97 77
143 193
8 5
159 174
11 10
117 177
15 129
120 182
92 120
152 134
105 59
22 24
173 193
48 198
166 190
4 128
78 77
105 180
99 136
52 24
38 126
170 16
128 19
147 32
126 94
79 19
184 72
82 24
1 99
17 80
149 199
182 147
61 86
94 34
121 137
52 37
93 38
100 199
158 140
91 150
89 40
149 91
47 43
162 30
170 150
63 24
40 40
67 143
100 91
158 32
58 94
116 35
61 99
33 37
32 41
137 94
123 159
156 107
12 99
153 38
47 56
65 110
169 167
141 105
172 172
146 156
63 158
118 57
151 5
159 95
62 162
136 111
53 113
37 105
28 56
74 172
27 60
46 110
145 52
169 180
62 54
172 185
4 49
69 178
20 178
96 173
113 113
118 191
71 116
131 130
43 17
117 3
122 81
119 12
64 76
105 114
69 191
187 183
99 70
173 19
4 183
193 82
50 70
36 135
196 124
108 11
85 27
186 79
184 6
43 30
175 186
6 148
147 87
59 11
105 127
50 191
77 28
195 20
140 84
85 148
170 192
82 79
15 89
4 196
174 82
168 38
80 154
52 92
115 148
156 149
142 22
147 100
45 89
47 98
195 33
165 90
68 157
54 30
174 95
33 92
19 157
192 85
54 151
172 106
72 168
130 146
190 160
178 42
40 108
34 34
72 60
58 162
190 52
129 42
46 44
49 49
90 50
150 101
153 106
111 109
185 58
41 50
164 120
76 7
26 186
83 168
55 69
27 7
99 112
197 189
16 114
90 63
35 127
136 179
29 53
48 66
53 181
111 122
56 186
97 187
185 71
143 74
55 190
41 63
182 2
132 181
44 68
122 136
20 125
23 130
138 117
196 58
94 10
25 176
30 25
2 192
136 192
120 184
139 197
106 20
186 134
98 21
184 61
87 128
177 21
22 147
121 126
52 26
167 13
170 18
115 82
175 133
133 136
174 137
91 139
177 142
75 131
94 144
121 18
10 150
183 78
86 145
77 96
61 88
109 21
89 42
190 94
52 160
126 109
146 24
46 86
82 39
40 42
81 43
141 94
172 161
42 88
116 37
102 102
47 166
19 104
114 112
199 156
47 58
132 102
104 40
109 155
164 54
197 2
169 169
81 56
153 161
199 48
23 51
28 166
162 166
165 171
13 43
118 59
123 174
16 48
150 48
53 115
139 118
9 45
27 62
13 164
32 177
118 180
104 53
35 182
62 56
20 59
39 72
166 113
111 177
138 51
55 16
160 69
104 174
145 175
62 177
122 191
120 118
194 67
180 169
37 120
110 73
96 175
196 113
160 190
27 75
13 177
118 193
66 3
11 67
30 80
29 121
175 175
106 75
45 65
78 13
64 78
105 116
119 14
36 16
66 124
57 75
1 143
161 132
133 70
23 198
152 83
105 8
191 11
168 27
99 193
66 16
167 68
186 81
175 188
128 76
31 143
191 132
22 94
108 134
195 22
198 27
82 81
1 156
155 71
188 19
31 35
176 130
80 156
10 97
54 140
188 140
67 79
31 156
191 145
75 199
168 161
19 38
79 89
165 92
156 43
40 97
12 35
135 105
93 108
150 90
26 54
56 162
65 167
151 170
51 3
183 159
21 97
39 114
132 49
192 100
51 124
150 103
166 47
111 111
5 129
44 57
117 47
81 124
39 127
157 119
14 70
27 9
118 127
178 178
164 14
134 108
122 17
120 173
20 6
152 125
97 189
105 50
50 114
124 63
143 76
41 65
182 4
43 74
120 65
6 192
4 119
17 58
91 7
36 71
143 197
186 15
76 143
170 7
115 71
15 133
18 138
59 176
193 139
110 141
85 84
112 187
82 15
101 28
161 79
133 17
45 133
64 146
191 187
3 136
177 23
179 69
186 28
184 184
198 82
10 31
170 20
189 33
109 10
54 74
195 198
24 87
82 28
188 195
45 146
86 147
61 90
19 93
98 157
54 87
169 37
42 198
47 47
93 163
183 93
172 163
144 101
89 165
28 155
0 93
19 106
146 147
160 45
63 149
81 166
114 114
53 104
199 158
157 161
28 47
192 155
51 179
104 42
67 160
39 61
70 165
185 115
23 53
97 2
55 5
60 120
146 160
16 50
117 102
62 166
199 171
23 174
9 47
50 48
8 51
32 179
44 4
71 107
150 171
122 72
153 176
180 50
111 179
4 53
23 66
55 18
41 120
159 112
38 51
2 128
15 67
120 120
59 110
133 59
97 136
50 61
168 16
11 69
112 121
57 185
194 190
1 24
105 118
77 19
195 11
11 190
186 191
24 129
198 16
73 21
174 73
52 83
126 32
112 134
131 147
170 75
73 142
91 196
163 72
168 150
126 153
31 37
107 32
19 148
52 96
198 150
10 99
114 156
155 194
86 94
31 158
158 199
130 137
162 89
19 40
5 105
114 48
26 164
100 150
12 37
61 158
135 107
190 43
14 46
46 35
65 48
151 51
51 113
95 156
114 169
12 158
130 150
9 89
83 38
162 102
148 167
41 41
151 172
21 99
199 105
185 170
56 56
41 162
151 64
134 97
34 159
97 178
83 51
132 172
151 185
71 162
20 116
180 105
39 129
166 170
194 3
4 108
83 172
69 8
41 175
160 126
113 51
25 167
99 116
11 3
76 132
166 62
50 116
187 121
66 60
98 12
184 52
87 119
161 68
133 6
119 71
152 19
91 9
182 127
94 14
184 173
10 20
29 70
115 73
128 12
59 178
78 191
184 65
189 143
1 92
91 22
3 138
163 127
61 79
121 130
66 194
38 132
114 90
100 192
174 141
86 28
31 92
177 146
94 148
121 22
179 192
170 143
68 95
109 133
89 154
42 79
116 28
162 144
33 30
93 44
63 138
109 25
174 154
74 152
65 103
192 144
62 34
81 47
70 154
102 106
192 36
137 100
21 154
150 39
53 106
39 171
56 111
160 168
62 47
166 104
138 42
143 120
99 50
44 114
2 117
20 171
139 122
39 184
194 58
50 50
110 64
127 4
44 6
71 109
16 173
64 69
124 120
69 184
143 133
44 127
76 79
117 117
29 4
120 122
106 187
6 20
59 112
152 74
64 190
97 138
50 63
191 2
182 182
118 197
85 20
43 23
115 128
15 190
194 192
73 131
147 80
45 69
91 185
182 74
15 82
59 125
45 190
177 80
135 83
80 147
195 134
38 187
112 136
167 72
65 24
189 90
54 131
12 134
22 98
61 26
198 31
101 98
1 160
163 195
42 134
121 198
125 24
70 88
61 39
47 104
107 155
148 156
19 42
137 34
95 37
114 50
72 53
190 45
74 99
19 163
148 48
32 102
178 156
67 96
53 161
56 166
190 166
9 91
28 104
47 117
5 120
187 97
49 163
34 40
53 53
56 58
97 59
118 118
178 169
117 159
97 180
171 166
85 62
2 64
62 115
120 56
194 5
185 185
55 75
27 13
25 169
154 54
44 182
145 5
131 70
117 172
189 11
6 75
188 52
196 172
127 72
113 174
112 178
24 65
106 134
166 185
18 21
59 59
121 119
33 6
57 134
186 19
43 199
170 11
147 27
78 193
174 130
86 17
196 185
149 73
94 137
195 189
140 24
10 143
43 91
82 19
161 83
174 22
191 191
58 76
75 16
61 81
79 135
137 76
101 153
67 17
193 156
88 76
33 140
179 194
49 84
100 86
70 143
42 81
162 146
137 89
67 30
135 164
14 103
93 167
123 46
81 49
28 159
0 97
41 98
44 103
63 153
159 90
123 167
16 41
35 54
134 33
171 100
69 52
32 170
118 173
151 121
103 50
48 114
39 65
92 157
4 44
83 108
104 167
145 168
164 181
117 106
62 170
120 111
194 60
39 186
4 165
69 65
90 124
186 61
76 189
29 114
161 4
119 7
105 109
22 74
108 114
127 127
85 130
145 181
98 69
73 12
78 127
119 128
38 176
112 125
57 189
24 12
29 127
194 194
128 69
133 184
152 197
100 7
119 20
64 84
17 9
77 23
108 127
163 63
61 15
176 2
11 194
103 197
156 23
31 28
91 79
88 10
79 190
65 26
10 90
147 95
100 20
75 192
149 141
42 15
61 28
33 195
167 195
179 20
79 82
24 146
65 147
82 87
53 29
72 42
93 101
198 154
51 104
137 144
156 157
169 96
7 34
153 88
42 28
65 160
81 104
72 55
199 96
56 47
13 91
178 158
90 45
48 48
166 40
171 155
83 42
143 56
60 58
187 99
132 163
62 104
81 117
122 118
55 64
32 117
118 120
178 171
164 7
134 101
122 10
194 115
78 169
124 56
113 163
187 112
30 128
57 2
117 53
36 64
110 13
127 182
8 2
94 5
57 123
2 187
117 174
186 8
175 115
161 180
133 118
64 18
191 59
3 8
168 75
186 129
131 193
98 16
43 80
29 182
84 118
189 134
147 137
100 62
133 10
119 75
77 78
108 182
135 19
121 121
57 136
170 13
15 139
142 180
128 16
147 29
45 18
17 185
94 139
107 78
82 21
142 72
183 73
188 188
40 24
100 75
191 193
77 91
66 198
195 83
184 190
192 14
101 155
128 29
12 83
135 153
47 40
181 40
151 97
26 102
144 94
116 32
51 51
40 158
72 110
116 153
28 40
88 91
93 169
46 94
192 148
26 115
141 102
125 94
9 148
0 99
60 113
165 166
13 38
120 100
194 49
139 113
180 151
97 116
157 167
50 41
143 3
132 110
30 62
90 113
39 67
185 121
4 46
83 110
96 49
41 113
182 52
187 167
159 105
57 57
2 121
76 70
62 172
48 8
20 175
106 178
18 65
124 3
113 110
57 178
48 129
1 17
124 124
80 17
198 9
189 189
122 199
119 130
22 197
96 183
168 22
133 186
64 86
94 194
176 4
80 30
98 84
170 189
54 14
40 79
193 92
163 186
75 73
149 22
126 38
179 130
137 133
49 20
130 130
42 17
61 30
176 17
162 82
82 89
114 41
67 195
53 31
58 146
144 149
88 25
65 41
51 106
137 146
72 165
144 41
47 108
136 42
81 106
53 44
199 98
185 163
56 49
83 152
157 101
129 39
113 31
51 119
48 50
53 165
166 42
9 95
143 58
60 60
71 155
90 168
139 60
39 122
23 114
110 2
60 181
99 109
30 9
57 112
48 63
122 12
64 7
69 122
85 66
145 117
184 45
29 171
122 133
106 125
91 2
110 15
154 58
99 122
85 187
186 10
120 181
59 171
91 123
36 187
110 136
149 64
182 12
66 66
140 15
24 69
142 61
188 177
100 64
45 128
22 144
75 7
121 123
24 190
18 146
86 21
91 136
3 23
176 180
121 15
181 29
198 198
68 88
183 75
155 13
141 78
177 31
130 185
195 85
79 139
198 90
21 134
155 134
86 34
56 91
89 39
171 78
47 42
107 93
146 21
63 23
169 153
7 91
81 40
89 160
171 199
13 27
178 94
21 147
136 97
153 37
56 104
116 155
28 42
93 171
46 96
132 99
192 150
49 101
62 40
39 56
125 96
23 48
28 163
157 48
41 102
160 53
60 115
159 94
104 158
164 172
180 153
78 105
157 169
11 51
71 102
145 51
90 115
2 2
29 105
48 118
106 59
6 121
111 174
9 163
97 10
124 113
138 48
143 126
55 13
127 118
30 185
145 172
2 123
15 62
194 64
73 3
23 182
154 113
99 177
85 13
112 116
57 180
186 65
43 16
161 8
106 72
92 174
64 75
66 121
126 135
186 186
73 16
4 182
195 127
38 180
198 132
98 194
156 135
183 9
128 73
58 14
77 27
89 81
163 67
61 19
66 134
167 186
63 65
156 27
1 153
183 130
40 81
77 148
75 75
80 153
33 78
198 145
54 137
155 189
12 140
130 132
190 146
42 19
102 33
5 100
165 89
40 94
67 197
199 87
190 38
129 28
72 167
49 156
178 41
199 100
138 90
102 167
14 54
55 55
118 111
197 175
150 100
29 39
34 154
120 157
153 105
166 44
185 57
83 46
14 175
129 162
143 60
41 49
71 157
7 172
122 122
99 111
44 175
16 113
106 6
6 68
133 109
36 176
131 184
103 122
142 50
105 168
91 4
96 119
154 60
99 124
140 125
186 12
2 191
198 66
133 122
105 60
3 12
94 130
11 132
186 133
10 136
170 125
115 189
101 25
128 128
40 15
100 66
105 181
191 184
17 68
149 187
182 135
116 10
121 125
181 139
167 12
101 146
169 21
188 71
31 87
172 26
3 25
89 28
176 182
195 195
52 146
93 147
179 187
181 31
146 10
165 23
10 149
109 128
183 77
40 28
26 93
102 88
88 190
135 36
162 139
181 152
63 133
137 82
192 18
21 136
172 39
70 28
9 18
176 195
129 83
162 31
46 85
151 101
81 42
89 162
9 139
42 87
83 88
102 101
162 152
5 168
63 146
21 149
136 99
39 166
37 93
116 157
69 45
132 101
104 39
62 42
81 55
153 160
180 34
92 150
4 37
23 50
9 152
160 55
136 112
122 177
154 102
29 107
6 123
92 163
23 63
64 64
127 120
25 109
57 61
20 179
18 69
168 13
154 115
99 179
140 180
167 54
186 67
131 131
170 59
18 190
133 177
147 75
193 191
45 64
191 118
66 123
126 137
79 62
112 10
114 19
155 57
45 185
188 5
3 188
163 177
135 78
167 67
24 18
65 19
54 126
147 88
86 78
177 196
144 19
77 29
130 121
33 188
82 80
109 183
197 30
86 199
42 129
19 145
179 134
137 137
70 83
144 32
42 21
104 81
49 145
123 94
7 148
67 199
34 22
53 35
180 76
144 153
56 40
95 153
48 41
72 169
125 32
111 97
171 148
14 164
159 30
123 107
164 108
122 111
20 100
166 154
23 105
44 164
90 51
35 115
53 169
139 172
111 110
41 51
173 170
30 121
71 159
145 108
6 178
59 41
64 119
105 157
124 170
27 8
154 49
57 116
106 8
133 111
50 113
108 54
27 129
154 170
30 134
189 127
154 62
140 127
85 191
52 14
38 116
198 68
184 170
170 6
156 71
1 197
54 60
73 73
193 138
17 178
149 68
168 81
107 71
170 127
119 81
61 76
140 140
19 79
67 12
107 84
146 12
51 152
169 144
40 30
125 74
61 89
179 81
165 146
192 20
95 87
169 36
158 143
171 82
190 95
5 49
151 103
104 28
169 157
67 146
39 47
199 36
111 152
41 93
146 146
136 101
37 95
97 109
113 90
132 103
194 163
166 101
13 44
99 47
30 176
104 162
122 179
120 106
106 171
39 181
23 173
97 122
55 125
30 68
112 107
186 56
6 125
4 52
50 168
110 182
163 45
77 5
8 171
25 111
140 61
198 2
131 12
43 128
103 179
115 4
4 173
133 58
193 72
110 74
52 69
198 123
24 7
15 187
101 190
73 128
18 192
133 179
193 193
191 120
8 184
94 187
52 190
167 177
189 195
100 123
91 74
130 2
149 15
140 195
52 82
179 123
137 126
170 74
67 67
91 195
130 123
149 136
82 82
68 147
95 21
12 23
70 193
42 131
190 29
121 195
129 19
74 83
179 136
63 190
192 75
197 153
169 91
144 34
47 101
0 26
63 82
104 83
109 198
150 199
34 24
53 37
37 29
56 42
9 196
111 99
171 150
159 32
62 99
120 40
78 43
83 158
131 54
48 56
120 161
6 59
111 112
97 177
105 38
124 51
11 110
164 123
84 100
120 53
38 105
2 182
43 183
175 110
18 126
105 51
3 3
94 121
98 11
6 193
18 18
58 60
3 124
22 137
182 126
127 190
140 129
167 3
98 132
1 199
100 178
86 14
3 16
89 19
135 135
47 22
88 60
107 73
112 188
10 140
63 3
68 81
183 68
40 19
158 11
77 86
47 143
66 193
107 194
19 81
10 32
63 124
169 25
67 14
177 145
42 186
28 22
88 73
63 16
68 94
42 78
160 33
46 197
13 20
32 33
150 25
116 148
69 36
51 167
104 30
16 146
35 159
26 110
39 49
166 90
199 38
23 41
146 148
187 149
178 100
164 165
175 31
20 157
97 111
196 90
132 105
103 47
134 151
111 167
185 116
23 54
64 55
138 41
55 6
41 108
27 173
15 55
20 170
6 6
23 175
154 106
11 57
112 109
48 124
45 55
66 114
98 66
84 168
1 133
4 175
31 12
91 63
182 181
75 55
33 58
66 6
167 58
112 122
115 127
68 15
1 25
174 182
45 68
91 184
177 187
110 197
22 84
168 138
107 128
19 15
24 130
101 84
114 23
100 125
155 61
193 87
12 12
77 141
163 181
190 18
176 120
121 184
140 197
33 71
107 20
198 138
65 23
10 87
151 26
82 192
54 130
174 195
58 20
0 15
19 28
146 69
5 93
79 79
137 20
109 187
183 136
144 144
171 18
135 95
0 136
146 190
169 93
155 195
111 88
28 90
143 40
162 90
148 155
41 29
62 88
7 152
39 104
144 157
37 31
14 47
0 149
