# family=structured seed=1
# opt_upper_bound=20
200 6079
132 39
32 101
118 104
35 106
95 157
136 158
34 147
53 160
37 152
185 50
9 90
69 104
127 45
122 115
180 93
59 32
41 163
160 114
60 176
113 39
173 53
71 42
16 106
76 120
117 158
48 58
122 7
120 163
166 50
8 107
187 109
85 61
71 163
184 40
87 107
18 7
124 174
196 50
96 112
66 169
195 54
198 59
43 185
175 112
119 180
22 18
75 110
94 123
112 177
43 77
115 182
45 123
193 21
3 126
108 179
80 80
66 182
140 131
167 5
179 59
24 185
10 21
59 179
155 116
174 129
31 80
17 182
58 183
191 69
3 18
176 175
33 126
10 142
63 5
109 121
183 70
73 198
147 147
47 145
80 93
162 132
33 18
32 22
192 11
123 140
67 16
12 80
53 81
158 134
144 199
135 150
28 24
88 75
146 16
109 134
150 135
21 21
7 86
81 35
125 78
199 27
185 92
47 158
19 96
60 97
16 27
21 142
62 143
53 94
199 148
28 37
74 153
13 143
104 32
16 148
153 153
23 43
69 159
96 33
60 110
99 38
118 51
159 89
145 154
34 94
23 164
152 49
196 92
27 54
99 159
173 108
90 110
164 59
127 113
99 51
11 167
30 180
120 110
173 121
186 60
188 106
8 175
121 52
140 65
167 168
38 54
79 55
91 65
135 71
168 19
126 22
79 176
179 114
142 3
54 119
45 70
31 135
177 189
80 27
66 129
179 6
12 14
116 71
135 84
80 148
195 135
74 74
148 23
192 66
51 90
183 17
40 197
26 33
67 71
31 148
158 189
172 87
89 89
33 194
148 144
0 17
5 95
165 84
65 146
151 149
109 189
197 36
141 141
72 41
199 82
37 20
13 77
32 90
190 154
9 79
102 41
14 157
25 23
151 162
62 90
37 33
138 85
157 98
129 36
160 103
99 93
132 41
159 144
71 31
35 108
55 171
41 44
187 98
6 171
64 112
83 162
97 60
41 165
182 104
117 160
92 103
97 181
50 106
110 120
11 114
131 179
6 184
166 173
18 9
119 61
64 125
193 10
25 170
140 120
38 109
10 10
115 63
161 179
54 53
119 182
110 133
66 63
167 115
183 59
100 61
191 179
77 77
75 4
63 115
174 131
12 69
70 10
28 13
47 26
107 77
179 182
198 195
63 7
21 10
67 126
141 75
172 142
70 131
199 16
190 196
42 69
176 69
181 147
74 21
146 126
197 91
141 196
67 18
158 136
58 198
179 195
5 42
46 80
49 85
164 35
26 101
67 139
39 40
83 83
162 147
13 24
123 155
164 156
153 34
53 96
92 24
27 43
32 158
159 199
164 48
150 150
103 38
106 43
180 29
60 112
118 53
145 156
175 35
23 166
57 164
84 38
48 115
134 155
64 59
22 62
30 182
36 118
140 175
52 62
170 54
189 67
45 59
108 115
80 16
126 132
38 56
98 70
43 134
82 62
147 191
193 78
31 16
191 5
58 119
75 59
52 75
126 24
98 191
58 11
94 193
135 194
102 17
176 3
0 6
167 183
19 19
24 134
197 25
12 16
72 30
116 73
162 189
148 25
46 14
132 17
151 30
192 68
49 19
68 32
155 186
86 86
70 78
130 129
102 30
107 145
148 146
0 19
151 151
159 12
34 17
70 199
42 137
116 86
160 92
118 95
192 81
7 35
53 151
139 154
111 92
56 156
190 156
69 95
14 159
60 46
25 25
151 164
143 165
113 30
13 92
25 146
117 149
136 162
139 167
92 92
124 44
85 52
71 154
145 103
87 98
106 111
4 100
78 49
138 100
143 178
196 41
96 103
41 167
159 159
120 167
59 157
147 4
78 170
36 173
8 111
94 114
168 63
66 52
43 68
73 176
191 168
177 4
22 130
127 183
147 17
36 186
94 127
195 179
107 66
181 15
128 125
45 127
86 128
22 143
181 136
74 10
24 189
198 76
63 117
95 69
114 82
86 20
172 23
70 12
42 179
116 128
88 66
107 79
148 80
179 184
51 147
104 10
49 74
54 189
141 77
58 79
89 146
116 20
162 136
13 13
51 39
34 72
111 26
42 192
28 28
69 29
129 80
160 147
49 87
35 152
169 152
134 131
20 29
199 31
185 96
23 34
47 162
143 99
160 39
5 165
187 142
16 31
134 23
53 98
194 37
55 107
160 160
35 165
48 104
153 157
106 45
96 37
127 104
164 171
39 176
18 53
59 91
50 42
36 107
145 50
186 51
76 179
1 5
147 59
127 117
168 118
25 106
186 172
57 58
98 59
59 104
45 169
163 161
182 174
80 126
33 51
170 56
147 72
31 126
77 13
89 67
94 182
126 134
24 123
84 174
87 179
12 5
163 174
22 198
61 126
33 64
107 13
167 64
12 126
158 180
58 13
144 16
94 195
190 132
123 78
128 193
95 16
40 80
81 81
70 188
199 73
148 27
165 196
156 147
197 148
49 21
95 137
114 150
7 24
67 75
125 16
171 132
88 134
148 148
104 78
68 155
150 194
197 40
21 80
136 30
34 19
53 32
199 86
37 24
14 40
159 135
178 148
150 86
6 41
111 94
56 158
185 43
124 33
25 27
134 199
78 38
157 102
25 148
57 100
34 153
97 172
8 100
154 154
184 33
103 108
78 51
17 41
163 95
98 114
189 3
73 57
18 121
59 159
147 6
64 8
36 175
108 51
149 52
140 3
52 119
24 57
43 70
161 62
22 132
182 121
61 60
135 9
179 52
79 114
24 178
198 65
170 3
114 71
77 189
198 186
156 189
128 127
73 191
188 178
40 14
12 181
174 14
191 183
3 132
89 135
144 71
121 124
179 65
165 130
68 197
142 183
197 82
21 122
40 135
141 187
42 181
171 66
176 181
88 68
162 17
19 197
151 87
63 11
7 79
153 133
53 195
70 135
171 187
83 74
88 189
0 76
46 192
118 31
49 197
81 149
134 12
153 25
157 144
9 17
160 149
113 74
90 90
34 195
122 42
166 85
102 100
5 167
13 28
117 85
134 25
175 26
120 90
194 39
199 154
152 42
157 157
13 149
173 101
30 52
35 167
29 93
103 42
134 146
143 114
96 39
8 155
11 160
145 160
117 98
103 163
23 170
138 157
38 155
189 58
18 176
133 163
105 101
50 165
110 179
22 66
167 161
103 176
82 53
64 184
193 69
77 123
163 163
182 176
135 64
140 179
52 66
57 181
198 120
115 122
15 184
1 20
54 112
144 5
163 55
126 136
128 182
177 74
163 176
148 16
179 120
98 195
63 174
192 59
49 10
183 10
155 177
26 26
31 141
177 195
144 18
89 82
75 184
130 120
19 23
46 126
151 142
123 80
81 83
72 34
56 26
190 26
162 193
93 93
146 185
13 70
197 150
190 147
9 72
102 34
88 136
41 24
132 142
159 16
164 94
117 19
81 96
34 21
20 86
53 34
55 43
132 34
178 150
150 88
134 80
139 158
138 199
55 164
71 145
90 158
138 91
55 56
99 99
15 105
18 110
92 96
97 174
30 120
184 35
115 164
48 174
161 51
166 166
119 54
64 118
108 161
57 115
184 156
73 59
18 123
59 161
147 8
119 175
174 111
191 51
110 126
22 13
94 118
66 56
52 121
181 6
170 113
54 167
73 180
45 118
119 67
31 183
121 113
93 14
179 54
137 57
128 8
114 73
174 124
193 137
31 75
80 196
33 121
5 22
46 60
165 11
137 178
170 126
68 78
54 180
67 119
12 183
190 189
165 132
156 83
183 186
35 22
150 9
95 73
141 189
53 76
116 132
61 196
9 6
190 81
74 135
5 35
132 76
137 191
95 194
7 81
26 94
67 132
20 20
180 9
39 33
171 189
23 25
138 12
129 192
162 140
46 194
183 199
35 35
136 87
53 89
125 194
83 197
129 84
160 151
71 79
104 27
35 156
111 151
23 38
127 95
99 33
44 97
2 100
76 49
134 27
92 30
4 146
69 46
145 41
103 44
134 148
189 47
92 151
152 165
4 38
182 44
27 170
85 111
117 100
1 117
106 170
91 47
36 111
22 176
29 108
170 47
18 178
64 65
105 103
22 68
108 108
168 122
167 163
103 178
189 181
101 68
106 183
59 108
64 186
3 176
61 117
38 170
112 119
109 50
114 128
188 114
67 53
89 71
88 112
52 189
126 138
79 63
156 17
183 120
128 184
144 128
77 138
0 120
65 20
197 139
68 25
150 64
95 128
183 12
174 192
86 79
190 136
192 182
104 69
178 18
62 72
7 136
95 20
53 23
42 130
83 131
148 31
113 10
51 98
95 141
169 90
7 28
199 198
37 136
28 87
46 141
150 198
81 98
180 77
97 42
138 80
14 44
41 147
99 88
159 139
90 39
29 29
48 42
175 83
194 96
37 149
78 150
25 31
44 44
166 155
23 106
138 93
36 45
196 34
96 96
99 101
173 50
115 45
161 161
55 179
94 107
154 158
167 97
112 161
184 37
161 53
191 161
22 123
127 176
195 51
112 53
57 117
115 58
15 120
101 123
156 59
174 113
193 126
191 53
3 2
130 43
80 185
52 123
128 118
31 185
191 174
177 10
89 126
22 136
130 164
181 129
51 19
82 123
101 136
95 62
31 77
72 78
149 69
80 198
28 8
10 139
169 132
12 185
72 199
199 11
89 139
28 129
93 29
51 32
137 72
21 126
155 126
141 191
34 65
125 183
56 83
93 150
5 37
137 193
35 145
199 24
185 89
171 191
23 27
138 14
146 134
187 135
32 32
118 35
104 137
178 86
16 24
136 89
134 16
23 148
97 97
171 83
9 21
50 22
69 35
129 86
160 153
32 153
159 194
35 158
20 35
138 27
143 105
85 100
164 164
57 38
76 51
122 167
133 33
152 46
55 113
160 166
13 153
175 151
27 172
121 36
140 49
30 177
38 38
175 43
161 108
59 97
174 47
119 111
196 102
182 167
154 105
52 57
84 46
105 105
191 108
91 170
110 183
75 162
8 172
108 110
149 111
66 113
84 167
170 170
82 57
101 70
87 172
147 186
114 9
174 60
64 188
3 178
75 54
149 3
135 68
107 6
156 127
174 181
72 133
5 79
170 183
68 135
95 9
40 73
116 68
190 17
176 119
121 183
19 135
137 127
35 79
21 181
68 27
40 194
114 143
12 132
53 133
141 17
130 124
185 23
47 89
60 28
32 195
123 84
109 186
197 33
67 189
144 143
16 79
35 92
153 84
6 34
37 138
14 154
127 31
159 20
48 152
120 28
92 195
166 144
13 87
118 103
71 28
16 92
2 157
139 162
97 165
27 106
48 165
106 106
64 109
17 34
25 154
76 119
175 98
91 104
149 45
168 58
173 173
126 61
167 99
184 39
84 101
115 168
45 109
191 163
17 47
77 61
176 40
195 53
79 107
24 171
98 120
101 125
142 163
59 165
174 115
193 128
33 112
198 179
65 64
82 4
177 12
130 166
176 53
142 176
58 182
116 123
190 72
47 23
88 61
179 179
65 77
104 5
67 123
172 139
146 123
165 136
13 8
141 193
180 121
199 134
129 75
74 139
148 88
160 142
5 39
187 16
16 134
49 82
90 83
134 126
67 136
122 35
39 37
199 26
9 131
96 19
187 137
13 21
159 75
2 91
136 91
122 156
90 96
76 161
87 27
6 102
152 156
69 158
143 107
187 150
159 88
43 105
76 53
78 99
23 163
110 51
6 115
152 169
191 97
127 112
126 116
161 110
106 174
100 100
119 113
17 102
77 116
75 43
168 5
195 108
115 115
86 57
191 110
77 8
163 48
80 13
121 51
167 167
183 111
45 177
72 14
190 6
176 108
80 134
107 8
63 167
51 76
192 52
169 68
155 170
31 134
172 73
89 75
116 178
28 65
162 65
93 194
5 81
170 185
137 8
197 22
141 127
158 67
116 70
28 186
157 71
14 22
32 76
35 81
185 25
102 27
129 130
74 194
41 17
32 197
151 148
44 22
26 153
144 145
185 146
37 19
113 14
13 76
134 73
34 135
37 140
56 153
171 140
14 156
25 22
48 154
20 92
6 157
36 36
154 28
173 41
76 108
136 159
48 46
6 49
18 103
152 103
154 149
30 113
131 165
24 39
29 154
103 103
161 44
166 159
17 36
127 167
168 168
154 41
57 108
18 116
119 168
22 6
94 111
154 162
52 114
126 63
184 41
43 65
170 106
45 111
193 9
163 103
168 181
181 120
79 109
82 114
169 2
114 66
191 57
176 163
109 109
100 60
12 176
58 63
42 55
162 120
181 133
0 58
126 197
79 122
137 63
82 127
35 15
141 182
58 184
116 125
190 74
176 176
88 63
165 17
65 79
49 71
68 84
86 138
180 2
125 66
144 79
130 181
185 80
9 120
47 146
41 72
118 26
104 128
16 15
194 21
37 74
69 26
132 82
151 95
178 198
104 20
16 136
34 190
122 37
39 39
23 31
9 133
83 82
96 21
104 141
136 93
120 85
92 23
4 139
16 149
90 98
186 35
189 40
87 29
110 161
163 24
96 34
66 91
57 42
120 98
4 152
78 101
91 40
36 104
110 53
96 155
8 42
94 45
52 48
167 35
45 45
110 174
168 115
121 40
11 168
85 117
24 107
184 96
155 38
174 51
193 64
75 45
94 58
168 7
80 123
195 110
112 112
156 118
73 120
177 177
47 67
88 105
52 182
79 56
65 121
128 177
147 190
40 64
77 131
163 171
116 59
121 174
33 61
93 75
65 13
137 118
49 5
54 120
12 123
116 180
83 3
162 67
165 72
10 198
192 175
109 177
183 126
26 142
53 16
116 72
0 126
148 24
60 140
13 65
63 182
151 29
95 134
185 27
41 19
113 124
13 186
178 24
123 88
150 191
134 183
111 199
185 148
9 188
138 73
132 29
118 94
90 32
131 33
6 38
105 17
124 30
69 94
96 197
25 24
71 140
48 156
120 32
92 199
78 35
138 86
173 43
76 110
110 108
55 172
196 148
8 97
30 115
131 167
184 30
1 57
87 97
161 46
3 103
108 156
168 170
66 159
101 116
133 105
84 105
128 111
77 65
61 57
195 57
93 9
63 103
54 54
169 4
100 170
77 186
61 178
107 65
165 6
10 132
123 9
54 175
7 63
12 178
162 122
107 186
126 199
35 17
116 127
176 178
19 194
109 124
164 23
95 189
7 76
153 130
125 68
60 87
44 79
92 12
97 90
171 76
27 31
173 85
90 87
106 31
6 93
37 197
171 197
23 33
138 20
143 98
182 26
113 192
44 92
145 144
16 30
122 160
39 162
92 25
152 39
55 106
96 144
118 162
30 49
186 37
175 144
18 160
92 146
22 50
108 90
25 92
121 29
30 170
145 157
43 109
103 160
101 50
1 112
59 90
64 168
196 95
96 157
128 45
152 173
31 112
149 104
107 107
82 50
40 53
45 168
64 181
58 107
163 160
75 47
126 12
98 179
65 2
174 174
86 61
158 166
91 176
144 2
181 69
79 58
68 128
100 117
141 118
72 18
3 184
116 61
46 2
63 171
137 120
151 18
192 56
40 187
174 187
12 125
153 64
172 77
125 2
89 79
185 16
135 195
33 184
162 69
148 134
63 63
150 180
21 66
125 123
116 74
129 13
19 141
148 26
113 5
62 188
48 24
180 180
83 18
113 126
192 190
16 193
178 26
134 185
120 21
180 72
39 96
78 24
25 134
44 147
159 134
104 198
16 85
57 86
48 37
34 139
134 77
194 91
180 193
92 80
152 94
196 137
108 24
8 86
164 104
184 19
43 43
84 81
103 94
175 199
20 96
64 102
96 91
127 158
99 96
85 161
43 164
120 155
31 46
91 97
110 110
55 174
173 166
24 43
105 153
77 54
163 94
195 46
126 175
38 99
198 51
18 120
188 43
31 59
52 118
156 175
54 164
73 177
86 116
66 174
195 59
19 62
179 51
82 118
156 67
183 170
174 121
53 60
116 116
88 54
33 118
10 134
156 188
172 132
89 134
102 73
181 137
65 191
49 183
183 183
26 199
53 73
139 76
69 17
60 197
192 124
90 76
150 127
95 191
125 70
166 71
157 22
129 189
76 33
120 76
20 138
139 89
180 127
78 79
96 133
8 20
13 135
132 86
159 189
122 41
166 84
105 74
143 100
8 141
182 28
27 154
30 159
117 84
103 149
15 36
161 90
180 140
78 92
50 30
36 95
94 36
27 46
99 151
118 164
131 103
87 33
92 148
188 85
45 36
105 87
50 151
191 90
8 154
121 31
57 46
84 149
3 160
163 149
22 173
33 39
52 52
167 39
186 52
3 52
94 170
121 44
24 111
10 176
63 39
142 103
40 55
119 119
158 47
58 109
77 122
22 186
163 162
179 106
79 168
63 160
109 47
86 63
130 106
135 184
46 112
10 189
123 66
95 4
40 68
53 7
158 60
58 122
89 189
47 192
14 15
19 130
46 4
63 173
21 176
169 74
199 182
70 68
111 69
116 184
9 58
135 197
60 23
35 195
180 61
125 125
199 74
23 77
129 15
13 69
136 139
139 144
111 82
185 31
143 34
127 26
192 192
62 82
20 85
39 98
55 42
159 136
16 87
136 152
29 26
120 144
152 96
124 34
127 39
173 155
71 144
145 93
103 96
1 48
77 43
182 96
154 34
66 150
2 165
131 50
115 42
101 107
175 93
94 104
11 106
186 107
10 110
189 112
1 61
87 101
73 166
45 104
193 2
181 113
38 101
79 102
198 53
156 56
59 160
188 45
94 117
52 120
179 161
112 171
198 174
46 46
109 102
73 179
12 169
58 56
70 110
42 48
61 61
107 177
19 64
179 53
79 115
24 179
114 72
53 62
172 13
129 57
32 124
65 72
192 113
49 64
123 13
35 129
54 179
68 77
95 180
153 121
72 196
39 19
70 123
125 59
89 136
157 11
47 139
151 196
104 121
178 70
183 185
35 21
7 188
180 116
92 3
102 196
60 199
192 126
178 191
95 193
48 81
134 121
39 32
92 124
111 137
23 24
41 78
113 183
132 196
16 21
122 151
120 78
39 153
166 194
92 16
37 80
157 145
196 73
96 135
25 191
173 89
90 91
134 134
34 196
87 22
69 153
182 30
127 94
38 22
117 86
103 151
87 143
4 145
78 94
50 32
91 33
8 35
154 89
11 40
112 92
186 41
76 169
115 97
106 48
108 94
182 43
103 164
174 44
177 49
163 151
94 51
176 90
195 103
167 41
198 108
101 175
193 178
12 103
130 95
75 159
135 173
33 162
162 47
181 60
126 124
165 52
63 41
101 67
142 105
128 170
183 106
21 44
58 111
176 103
80 129
162 168
181 181
179 108
137 111
82 175
128 62
169 63
12 116
28 60
146 52
137 3
49 119
123 68
7 122
26 135
86 186
139 12
125 114
158 62
42 116
162 181
0 119
151 22
95 127
114 140
70 70
166 7
129 125
5 89
25 4
150 184
153 189
97 28
14 30
187 187
13 71
76 90
134 68
37 135
108 15
8 77
132 143
44 30
150 197
2 33
117 20
161 26
23 92
41 146
118 100
136 154
15 93
139 159
73 34
188 21
108 28
94 93
127 41
11 95
85 44
189 101
6 165
59 28
45 93
64 106
77 45
108 149
168 163
140 101
24 155
57 103
18 111
130 29
33 96
66 44
131 173
24 47
184 36
128 104
163 98
149 163
10 4
63 96
137 45
142 160
54 47
155 99
174 112
119 176
17 165
77 179
107 58
52 122
170 114
81 5
26 69
31 184
125 48
58 58
130 163
149 176
42 50
176 50
181 128
93 15
46 169
123 123
169 10
56 69
42 171
171 56
135 133
0 174
68 79
109 117
21 4
141 69
153 123
20 8
125 61
70 125
190 190
157 13
160 18
165 133
178 72
62 126
7 190
136 75
120 67
153 15
0 187
27 24
48 83
122 32
53 198
106 24
92 126
16 23
136 88
125 195
133 19
152 32
97 96
160 152
194 150
6 99
64 40
105 78
196 196
140 35
30 163
175 29
18 45
152 45
96 150
154 91
99 155
10 46
189 48
133 153
94 161
98 51
84 153
184 91
158 38
182 166
195 105
33 43
198 110
82 164
128 51
147 64
67 41
158 159
130 97
121 48
126 126
183 108
21 46
67 162
141 111
176 105
179 110
165 175
65 8
51 73
26 16
12 118
72 132
56 124
47 75
5 78
10 193
123 70
197 19
26 137
86 188
125 116
102 132
129 6
13 60
32 73
35 78
7 16
39 197
28 75
46 129
132 132
44 19
145 71
2 22
117 9
169 199
136 22
180 65
9 183
143 146
71 14
2 143
34 132
175 71
199 199
166 22
152 87
14 153
110 90
127 30
27 92
113 132
16 199
117 22
103 87
106 92
105 133
50 197
17 20
120 148
94 95
126 47
186 98
43 49
29 151
106 105
188 144
45 95
64 108
3 98
127 164
66 154
195 39
43 170
142 149
17 154
130 31
80 173
154 159
186 111
198 165
115 167
109 93
128 106
100 44
141 45
31 173
77 60
89 114
168 178
107 168
24 170
137 47
68 176
101 124
54 49
40 114
155 101
12 52
58 168
61 173
176 160
88 47
74 112
107 60
68 68
7 58
81 7
67 109
172 125
149 178
42 52
28 117
157 2
181 130
74 4
19 68
178 61
123 125
26 192
60 190
197 195
20 10
166 64
111 128
199 12
16 12
62 128
136 77
152 21
9 9
69 23
196 64
0 189
41 190
8 13
113 66
187 15
159 182
117 185
103 21
6 88
37 192
111 141
50 131
118 36
103 142
180 133
92 20
152 34
138 136
25 195
30 44
71 82
84 21
29 85
189 37
6 101
18 155
147 40
189 158
15 42
59 85
91 37
163 142
22 166
33 32
98 161
31 107
98 53
10 169
63 32
82 45
119 112
33 45
52 58
93 59
198 112
98 174
109 40
169 54
86 56
172 59
177 174
107 115
93 180
146 43
170 171
68 123
81 62
155 48
58 115
42 107
61 120
47 185
19 123
179 112
21 169
95 118
7 5
72 134
171 113
135 190
93 193
65 131
169 188
62 62
7 126
153 180
180 54
138 57
28 185
157 70
165 190
104 180
150 67
194 73
180 175
56 139
185 24
50 65
124 14
69 78
129 129
113 121
187 70
32 196
192 185
62 75
39 91
92 183
196 11
60 150
99 78
104 193
178 142
16 80
2 145
76 94
15 84
34 134
120 137
133 76
196 132
55 156
96 194
11 86
186 87
189 92
87 81
124 148
143 161
55 48
108 140
2 158
184 135
115 35
193 103
108 32
126 49
170 92
128 95
147 108
188 146
45 97
119 46
105 148
168 167
126 170
98 108
137 36
142 151
54 38
73 51
114 52
94 110
176 149
52 113
86 111
162 106
126 183
197 63
53 55
86 3
144 173
0 165
65 65
197 184
68 70
39 12
70 116
83 55
65 186
35 14
26 194
153 6
172 19
37 60
111 9
116 124
28 11
160 130
146 3
32 130
192 119
197 197
62 9
134 114
4 4
9 119
143 82
104 127
16 14
34 68
175 7
194 20
111 22
23 138
97 87
8 15
187 17
71 71
35 148
117 187
134 127
37 194
4 17
69 146
187 138
25 76
85 90
43 93
194 33
105 190
138 138
108 195
8 28
29 87
15 152
175 141
87 28
73 93
59 195
24 93
43 106
161 98
174 37
17 90
91 39
75 31
195 96
112 98
54 93
174 158
191 98
177 163
89 50
107 104
24 106
65 107
165 45
128 163
42 96
179 101
79 163
137 104
68 4
86 58
172 61
70 50
89 63
149 114
162 53
5 69
192 161
68 125
169 177
7 115
26 128
181 187
132 2
63 168
49 4
40 184
155 171
7 7
74 182
46 120
192 174
51 198
44 10
150 177
26 141
141 128
34 2
144 133
185 134
14 23
41 126
104 182
117 121
194 75
139 139
199 190
171 128
9 66
69 80
74 195
113 123
132 136
32 198
85 24
92 185
187 193
99 80
38 70
112 19
131 32
103 199
29 21
48 34
105 16
94 86
168 35
11 88
71 139
24 27
43 40
87 83
161 32
147 97
166 147
80 43
24 148
1 164
78 155
31 43
191 32
196 147
52 102
198 156
131 166
73 161
100 35
86 100
31 164
168 169
61 43
98 110
184 150
82 102
73 53
100 156
174 105
193 118
12 43
31 56
77 172
75 99
176 151
107 51
49 46
183 46
12 164
31 177
172 116
191 166
88 159
107 172
126 185
146 100
123 116
68 180
172 8
42 164
61 177
93 129
32 119
123 8
114 188
81 11
144 67
42 56
151 191
123 129
68 193
95 67
34 57
194 9
39 135
129 65
160 132
118 135
192 121
90 73
136 189
7 75
48 76
153 129
53 191
20 14
92 119
111 132
69 135
148 199
27 138
104 129
16 16
76 30
117 68
34 70
120 73
175 9
124 192
157 140
110 28
118 148
57 138
133 133
45 20
64 33
110 149
96 22
108 76
27 151
84 133
59 76
4 140
55 105
25 199
11 35
84 25
29 89
59 197
188 82
105 84
163 25
8 151
52 157
126 106
186 157
98 44
189 162
147 165
40 39
158 31
77 106
135 47
195 98
179 90
15 167
73 108
18 172
31 111
75 154
149 103
94 167
126 119
21 39
141 104
174 52
32 53
67 47
68 127
72 17
125 109
47 189
148 12
118 69
104 171
137 119
197 133
81 187
72 138
199 179
37 117
166 2
69 69
129 120
41 7
32 187
178 12
90 128
164 77
7 130
81 79
138 61
96 64
2 136
136 136
120 128
139 141
124 18
69 82
129 133
25 12
90 141
131 142
84 67
103 80
48 144
161 21
6 147
4 74
17 13
36 26
196 15
154 18
140 83
159 133
173 31
112 21
57 85
76 98
115 26
4 195
78 144
193 94
127 36
154 139
73 150
17 26
77 40
195 32
85 160
142 142
54 29
17 147
91 96
177 99
75 88
33 91
100 37
80 58
66 160
165 102
98 112
183 156
40 107
58 161
130 37
176 153
47 2
5 5
128 112
7 51
172 118
39 3
70 107
125 43
61 58
88 161
107 174
148 175
63 104
51 13
49 169
35 5
95 56
40 120
53 59
72 72
125 164
171 51
148 67
35 126
164 11
134 105
20 3
70 120
199 5
185 70
190 185
102 72
47 136
146 115
46 177
132 180
104 118
16 5
150 5
76 19
117 57
136 70
141 185
120 62
139 75
199 126
37 64
23 129
152 14
9 2
132 72
118 137
11 11
145 11
16 126
117 178
37 185
50 124
69 137
129 188
182 14
159 67
76 32
139 88
39 150
166 191
180 126
133 14
78 78
97 91
124 194
41 196
8 19
16 139
112 76
29 78
115 81
92 134
152 148
4 21
124 86
196 191
108 78
27 153
25 80
66 81
71 196
145 145
15 35
101 38
1 100
175 24
105 194
36 94
22 159
182 148
99 150
33 25
198 92
184 194
189 43
142 197
73 97
152 161
3 38
121 30
63 25
87 153
128 154
119 105
177 46
61 100
137 95
170 43
101 172
73 110
169 47
12 100
158 154
181 57
68 116
21 41
72 6
70 162
199 47
102 114
79 167
192 44
68 8
95 111
26 11
53 114
172 65
130 105
116 170
102 6
33 172
150 168
21 54
172 186
102 127
14 14
146 170
165 183
132 6
118 71
51 81
159 109
197 135
7 11
153 65
180 168
6 15
83 6
69 71
129 122
160 189
187 63
44 14
71 117
62 68
136 17
48 133
34 6
120 9
172 199
78 12
83 127
127 133
146 183
145 187
29 12
48 25
120 130
133 69
166 17
196 125
11 79
90 143
43 31
48 146
163 69
196 17
112 23
43 152
117 138
138 197
91 85
110 98
55 162
8 87
168 39
154 141
66 28
52 93
24 31
189 98
1 47
87 87
3 93
195 34
156 42
158 88
77 163
130 26
176 142
88 29
128 101
188 152
149 160
168 173
121 98
51 2
156 55
1 181
95 45
40 109
158 101
144 166
5 7
192 99
95 166
86 117
171 161
83 48
197 69
35 7
37 53
171 53
129 56
74 120
19 184
62 2
199 7
9 112
60 77
187 118
180 115
138 118
50 5
196 59
55 83
8 8
44 190
159 177
136 193
194 134
87 8
111 136
4 10
23 23
127 80
27 142
113 182
173 196
85 83
90 198
57 21
2 85
76 34
78 80
64 145
124 196
91 19
110 32
196 72
41 198
154 75
159 190
131 91
115 83
120 198
87 21
73 86
64 37
112 199
24 86
87 142
174 30
191 199
77 97
154 88
112 91
186 40
198 94
101 161
109 22
18 163
177 156
121 32
107 97
79 35
65 100
10 164
170 153
184 88
68 105
1 115
183 92
155 30
119 107
116 38
80 115
195 102
33 40
93 54
51 57
137 97
109 35
169 49
177 169
75 158
135 172
88 97
52 174
93 175
10 177
51 178
67 159
89 177
14 3
179 107
137 110
40 177
72 129
199 170
28 59
14 124
51 191
104 54
178 3
172 188
70 177
32 70
44 124
21 177
76 76
39 194
199 183
6 17
56 134
138 173
69 73
13 178
32 191
85 17
16 183
29 122
180 62
39 86
166 127
23 78
9 180
83 129
143 143
196 6
41 132
173 22
85 138
2 140
117 127
23 199
96 189
168 28
25 16
66 17
11 81
131 146
84 71
48 148
134 188
105 130
17 17
182 84
80 36
38 76
98 90
184 130
133 84
149 28
66 30
126 44
84 84
87 89
45 92
77 44
163 84
149 149
80 49
19 39
100 149
193 111
158 90
61 157
80 170
88 31
107 44
126 57
167 95
46 34
68 52
67 93
100 41
31 170
190 163
107 165
165 106
123 109
40 111
58 165
56 55
171 42
80 183
14 58
0 160
47 6
93 122
46 47
65 60
26 68
12 170
141 55
56 176
129 166
146 106
165 119
159 45
178 58
185 182
171 55
83 171
113 50
13 112
132 63
118 128
145 2
136 182
20 7
6 72
111 125
171 176
23 12
69 128
14 192
127 69
60 79
187 120
117 61
37 68
143 198
36 72
110 21
8 10
27 23
154 64
99 128
44 192
118 141
186 16
2 195
76 144
103 18
34 184
106 23
64 26
69 141
85 85
164 149
57 23
2 87
84 126
29 190
184 64
4 133
78 82
23 146
17 72
94 26
84 18
189 34
188 75
152 152
45 26
64 39
91 142
163 18
149 83
94 147
11 149
52 150
126 99
79 24
193 45
91 34
135 40
33 29
112 93
198 96
170 34
115 98
188 88
193 166
75 147
168 109
33 150
162 35
52 163
181 48
170 155
3 163
89 166
176 91
47 169
93 56
179 96
10 58
51 59
109 37
12 104
53 105
153 43
158 158
7 110
40 58
81 59
42 104
83 105
28 169
32 59
51 72
104 164
155 166
134 43
185 8
74 177
148 126
60 13
32 180
51 193
44 5
16 172
49 120
150 172
136 8
139 13
69 183
143 132
96 57
41 121
99 62
32 72
90 13
35 77
199 185
166 8
50 62
69 75
160 193
8 65
25 5
16 185
164 83
150 185
20 75
111 193
185 142
23 80
97 29
17 6
96 70
8 186
127 137
27 199
25 126
76 91
117 129
115 19
120 134
161 135
106 199
188 9
127 29
189 89
106 91
91 197
3 84
163 73
8 199
182 86
38 78
84 194
101 97
54 22
73 35
100 138
12 25
17 140
91 89
163 194
94 94
186 97
24 35
142 27
188 143
45 94
86 95
31 159
89 100
163 86
149 151
95 36
119 164
67 95
190 165
47 116
88 154
107 167
0 41
146 95
165 108
49 162
197 60
114 62
155 100
158 105
58 167
144 170
199 106
42 159
0 162
5 11
46 49
192 103
178 168
49 54
81 6
26 70
67 108
146 108
46 170
159 47
104 111
49 175
35 11
62 114
20 117
180 106
199 119
185 184
111 6
69 9
160 127
27 12
113 52
173 66
197 194
16 119
134 111
139 189
20 9
106 12
111 127
124 66
129 181
182 7
99 9
145 125
15 15
180 119
4 122
152 20
110 23
55 87
27 25
30 30
2 197
76 146
134 124
106 25
92 127
78 192
110 144
196 184
108 71
182 20
27 146
140 23
189 144
122 154
87 133
106 146
36 87
182 141
154 79
140 144
184 187
170 23
128 26
73 90
18 154
110 157
75 136
121 23
142 82
155 21
100 85
193 47
158 26
135 42
80 106
140 157
52 44
38 146
198 98
98 160
40 155
169 40
31 106
91 157
89 47
190 99
88 88
10 168
82 44
100 98
141 99
70 155
42 93
102 107
162 158
179 98
150 40
95 104
155 155
174 168
12 106
53 107
153 45
33 165
74 166
148 115
132 107
104 45
68 122
180 40
39 64
125 104
56 4
138 43
157 56
162 171
0 109
159 102
197 128
35 66
136 118
53 120
39 185
185 10
157 177
14 128
143 13
160 182
51 195
44 7
104 58
90 123
124 121
99 64
71 2
57 67
139 136
4 177
196 118
27 80
113 120
43 24
103 75
175 180
194 193
106 80
166 131
64 83
50 185
8 188
11 193
57 80
2 144
76 93
117 131
175 72
138 190
31 27
66 21
85 34
24 24
84 75
64 96
176 14
126 156
79 81
112 29
198 32
170 199
101 99
12 27
91 91
77 156
135 97
33 86
156 156
183 30
128 94
12 148
45 96
191 150
58 35
149 153
181 105
179 32
198 45
156 48
155 89
158 94
195 161
198 166
183 43
114 172
125 38
130 153
171 154
148 170
65 172
95 51
7 167
141 167
34 41
116 110
0 164
148 62
113 41
164 6
7 59
172 126
70 115
166 52
190 180
148 183
160 8
5 134
49 177
26 193
122 130
34 54
14 75
99 119
132 67
48 73
120 178
20 11
23 16
50 119
124 68
44 75
90 191
194 19
18 22
185 199
193 23
83 188
17 63
196 65
27 27
25 183
44 196
167 7
186 20
2 199
170 12
120 191
106 27
188 66
133 130
36 197
108 73
182 22
27 148
154 189
168 87
11 140
140 25
145 140
186 141
43 92
84 130
106 148
188 187
59 73
193 36
75 17
186 33
170 25
147 41
110 159
66 89
126 103
24 92
170 146
189 159
77 103
75 30
121 146
33 33
10 49
109 28
128 41
130 87
28 39
33 154
146 31
10 170
125 93
89 170
176 95
165 165
35 55
172 60
158 162
51 184
197 9
21 49
81 63
26 127
157 58
102 122
47 186
13 50
44 117
118 66
35 68
48 7
153 60
37 114
185 12
138 166
14 130
129 117
74 181
71 112
153 181
180 55
127 128
160 76
173 15
103 185
122 198
20 187
138 179
50 66
127 20
173 136
30 87
29 128
122 90
196 12
182 77
127 141
195 16
2 146
175 74
18 90
45 193
105 15
17 131
91 80
168 34
154 136
107 24
38 190
170 80
142 18
73 147
64 98
191 139
149 142
195 29
101 101
40 91
155 78
193 104
12 29
91 93
163 198
128 96
86 99
19 45
65 161
137 37
197 51
177 109
56 48
42 150
116 99
156 171
150 97
70 104
171 156
190 169
9 94
42 42
28 107
88 158
68 179
183 166
197 64
95 53
199 110
171 48
83 164
157 113
160 118
32 118
90 59
35 123
136 175
134 102
122 11
153 115
72 190
39 13
111 118
83 56
28 120
148 185
132 177
44 64
16 2
136 67
120 59
180 110
125 174
23 126
102 190
96 116
27 16
2 188
29 62
48 75
194 129
106 16
111 131
152 132
4 5
64 19
14 198
143 83
196 175
22 22
8 124
182 11
132 190
120 72
161 73
106 137
6 199
166 188
4 126
110 27
108 183
182 132
8 16
25 185
154 70
173 83
76 150
84 11
15 140
194 142
87 16
191 73
91 135
121 14
126 92
184 70
147 151
77 92
135 33
179 76
170 27
82 143
15 153
109 17
174 146
17 199
3 35
89 38
47 41
170 148
63 22
101 48
86 154
77 105
89 159
162 149
195 97
19 100
10 51
51 52
95 95
40 159
67 33
72 111
70 38
88 92
162 41
148 106
65 108
63 35
104 36
169 165
67 154
125 95
116 46
162 162
0 100
74 49
146 154
151 3
51 65
104 157
67 46
70 51
143 4
160 173
93 183
62 52
122 66
172 183
139 6
39 68
125 108
23 60
102 124
35 70
134 49
20 176
194 63
199 178
185 14
9 54
160 186
41 6
99 176
11 63
134 170
122 79
194 184
78 9
9 175
138 60
69 189
182 66
99 68
29 9
175 63
6 25
18 79
97 143
91 69
96 184
57 192
186 77
115 133
48 143
194 197
163 66
127 143
25 132
80 31
121 69
186 198
57 84
193 93
12 18
31 31
10 93
54 136
86 88
58 26
176 18
98 98
43 162
63 77
137 26
82 90
156 39
142 141
114 42
12 31
58 147
130 23
52 103
114 163
67 88
82 103
178 40
114 55
141 158
37 37
56 50
116 101
46 42
51 120
156 173
26 63
125 42
56 171
190 171
14 174
41 48
60 61
46 163
104 104
141 171
144 176
97 64
69 2
14 66
13 107
32 120
44 174
197 187
95 176
122 13
53 179
106 5
185 69
171 171
50 110
27 126
44 66
136 69
106 126
180 112
59 51
97 77
157 128
36 67
99 123
173 72
118 136
131 75
15 129
122 26
87 5
92 120
37 184
50 123
69 136
127 77
27 139
90 195
38 5
186 132
84 121
29 185
189 137
1 86
124 193
17 67
110 29
195 73
167 11
170 16
120 195
78 198
196 190
163 13
75 129
112 196
24 83
98 32
84 134
64 155
193 40
58 81
108 198
61 86
140 150
170 29
59 198
12 86
91 150
47 43
88 81
181 43
167 145
65 97
123 38
40 40
155 27
77 107
33 37
192 30
137 94
21 148
150 33
169 46
12 99
130 91
88 94
162 43
93 172
63 37
26 118
172 172
39 57
19 115
151 5
35 59
171 105
14 121
60 8
113 100
172 185
20 57
4 49
69 178
96 52
44 121
76 73
62 175
139 129
23 183
157 183
8 60
127 11
113 113
13 175
11 65
85 14
35 193
76 194
2 16
29 119
122 81
87 60
108 119
99 70
140 71
112 9
2 137
131 22
20 191
152 81
64 197
66 14
167 66
112 130
87 73
45 76
77 28
94 197
61 20
85 148
24 138
43 151
87 194
193 95
121 192
107 28
52 92
167 79
189 97
183 23
141 26
191 143
3 92
130 133
163 81
195 33
126 162
165 90
63 79
156 41
177 100
75 89
190 39
195 154
19 157
10 108
149 159
28 98
181 111
5 114
46 152
151 168
155 95
34 34
144 165
37 39
42 154
157 104
190 52
93 119
132 47
151 60
192 98
178 163
49 49
95 165
169 114
88 162
146 103
5 127
46 165
132 168
81 122
144 178
14 68
132 60
178 176
90 63
164 12
134 106
166 58
64 10
108 53
99 4
90 184
2 71
6 190
59 53
185 192
138 117
124 182
36 69
99 125
11 12
71 63
186 13
84 2
87 7
4 9
91 126
110 139
163 2
145 133
57 20
189 139
161 77
133 15
64 144
193 29
91 18
177 21
163 123
98 142
184 182
84 15
115 82
142 185
161 198
18 149
147 34
17 190
196 192
154 195
119 93
191 198
177 34
135 37
181 153
19 91
170 31
109 21
40 150
73 98
193 163
72 102
130 80
75 144
181 45
146 24
170 152
128 155
141 94
102 102
51 56
82 160
109 34
40 163
153 40
72 115
199 156
56 107
74 161
146 37
132 102
169 169
67 158
153 161
20 46
125 99
159 97
178 110
76 62
150 48
81 177
34 102
92 43
185 5
14 123
74 174
13 164
118 180
136 5
139 10
185 126
97 13
96 54
27 183
99 59
118 72
76 75
48 13
175 54
37 120
23 185
36 124
110 73
118 193
66 3
11 67
85 16
71 118
131 132
29 121
134 174
175 175
4 64
119 14
69 193
66 124
2 139
98 76
120 131
161 132
105 8
36 137
163 178
94 78
168 27
99 193
57 196
189 86
64 91
105 129
91 194
8 196
84 191
73 32
61 143
33 81
126 43
167 81
170 86
68 38
54 140
183 25
73 153
147 102
63 81
123 95
183 146
72 49
158 89
116 92
190 41
80 169
129 31
198 161
32 98
192 87
156 164
54 153
95 154
172 108
130 148
146 92
5 116
104 95
68 172
136 47
42 156
129 44
74 108
160 111
137 164
197 178
7 54
48 55
134 95
153 108
111 111
171 162
69 114
129 165
160 3
60 65
164 122
199 116
152 4
110 7
60 186
154 50
173 63
118 127
178 178
30 14
78 176
69 127
132 183
173 184
11 122
43 74
76 22
166 181
59 55
78 68
96 122
8 9
15 133
194 135
87 9
133 125
17 179
191 66
126 85
170 128
82 15
73 195
22 149
66 192
167 15
79 131
186 28
184 184
18 151
174 139
94 146
195 198
121 20
52 149
126 98
10 152
189 154
183 80
3 149
163 138
135 39
121 141
195 90
181 155
19 93
165 147
184 197
95 88
128 36
172 42
89 44
47 47
33 149
65 101
21 31
116 39
19 106
60 107
160 45
165 160
21 152
150 37
114 114
67 39
37 96
111 45
190 109
5 63
51 179
123 55
164 56
81 58
67 160
172 176
125 101
14 4
41 107
44 112
118 61
2 115
35 63
20 169
185 7
50 48
14 125
32 179
90 120
150 171
20 61
83 117
27 185
85 126
118 74
38 51
115 5
15 67
120 120
106 185
39 195
6 18
59 110
78 123
173 131
118 195
85 18
71 120
186 70
76 198
48 136
189 75
18 193
166 128
50 182
182 72
80 24
121 62
38 64
115 18
156 19
119 137
31 24
17 126
75 67
149 16
38 185
189 88
87 77
147 91
119 29
163 72
149 137
121 75
181 89
179 16
198 29
156 32
101 96
12 24
52 96
156 153
183 27
169 92
86 94
172 97
102 38
88 140
162 89
19 40
183 148
58 153
199 92
56 43
12 158
72 172
70 99
56 164
41 41
141 164
53 51
185 170
37 43
56 56
129 46
118 116
159 154
197 180
95 169
7 56
171 164
124 52
148 180
27 119
113 159
44 59
30 124
7 177
122 127
20 116
139 67
185 183
157 121
160 126
27 11
99 116
2 183
194 124
166 62
145 124
43 76
189 130
122 140
175 3
1 79
6 194
78 70
23 134
64 135
127 191
8 11
25 180
38 119
57 132
87 11
73 76
119 192
193 141
121 9
66 73
140 22
85 86
126 87
112 189
84 127
64 148
105 186
193 33
77 87
108 191
149 192
80 92
52 30
112 81
24 197
59 191
100 192
174 141
12 79
31 92
91 143
130 71
75 135
135 149
107 87
24 89
40 33
158 25
3 151
89 154
177 38
74 31
51 47
82 151
156 100
35 39
109 25
12 92
56 98
130 84
135 162
74 152
165 41
123 44
26 111
116 41
0 95
150 39
81 168
134 31
139 109
111 47
56 111
14 114
93 178
113 93
187 42
104 44
145 45
20 50
96 45
16 52
120 109
39 184
78 112
152 61
50 50
14 127
143 12
132 119
11 58
85 7
43 10
29 112
161 2
78 4
97 17
143 133
173 12
85 128
30 192
2 130
117 117
115 7
78 125
152 74
17 115
50 63
36 128
91 64
182 182
94 69
118 197
85 20
112 123
131 136
24 10
43 23
103 74
15 190
152 195
45 69
64 82
105 120
124 133
110 198
80 26
140 77
112 15
184 120
103 195
82 72
101 85
87 187
73 23
59 125
133 74
188 10
36 141
177 80
149 18
195 134
140 198
52 85
24 23
65 24
142 15
183 16
147 93
12 134
191 136
3 85
89 88
22 98
181 91
126 155
84 195
68 150
40 88
31 39
135 96
88 21
19 150
10 101
156 155
26 45
12 147
19 42
146 83
151 161
123 99
155 88
74 99
93 112
32 102
192 91
114 171
26 58
53 161
70 101
56 166
83 40
28 104
81 115
53 53
144 171
23 110
96 100
118 118
48 59
120 164
92 102
69 118
14 182
129 169
27 121
30 126
90 177
20 118
106 121
39 131
185 185
143 188
55 75
25 169
154 54
44 182
11 5
136 185
78 180
196 172
108 59
27 134
113 174
29 180
106 134
6 196
59 59
4 123
36 75
127 193
168 194
154 67
198 73
131 83
43 199
142 178
161 191
54 65
87 13
18 142
133 129
119 194
191 70
108 72
94 137
154 188
79 14
84 129
189 145
128 135
161 83
188 186
40 22
45 137
64 150
191 191
158 14
116 17
140 145
33 19
19 84
179 73
24 199
170 24
101 153
12 81
17 196
33 140
107 89
5 41
170 145
82 32
21 22
81 36
100 86
47 159
88 197
35 41
172 46
111 36
88 89
123 46
68 110
185 106
83 95
102 108
47 172
162 159
0 97
74 46
118 52
178 103
53 108
56 113
118 173
134 154
122 63
172 180
9 159
28 172
60 124
13 49
25 103
117 106
175 47
133 50
196 106
55 130
113 108
27 68
187 57
30 73
43 12
1 15
92 170
50 173
124 122
110 187
163 50
127 127
75 58
8 68
108 6
154 122
99 186
140 187
126 23
24 12
43 25
115 130
194 194
128 69
105 122
191 125
121 66
195 15
85 143
38 68
43 146
84 184
115 22
54 12
195 136
79 190
24 25
133 197
100 20
86 85
144 26
77 36
75 192
168 154
88 131
24 146
197 37
95 26
141 142
174 90
12 28
58 144
130 20
171 21
190 34
135 98
88 23
107 36
68 44
150 83
95 147
183 31
12 149
172 101
83 29
151 163
49 152
123 101
197 50
40 103
157 99
46 39
197 171
49 44
150 96
48 48
153 101
111 104
9 93
83 42
69 107
146 98
5 122
151 176
104 101
7 168
136 53
39 120
78 48
96 102
159 158
35 122
23 4
124 56
143 69
41 58
127 61
11 115
90 179
29 169
122 131
161 59
194 7
6 185
59 48
4 112
185 187
152 10
41 179
94 5
173 69
118 133
159 171
11 7
186 8
29 61
120 179
64 18
191 59
55 198
66 64
112 180
131 193
98 16
43 80
100 62
119 75
64 139
124 190
127 195
135 19
121 121
140 134
38 123
112 72
174 132
45 18
17 185
195 191
126 91
24 80
65 81
170 134
128 137
147 150
188 188
3 142
89 145
22 155
181 148
192 14
101 155
109 16
174 145
89 37
75 139
116 140
190 89
148 92
68 99
40 37
155 24
89 158
42 83
116 32
28 148
102 97
0 86
179 88
51 51
178 92
95 94
70 37
190 102
135 166
104 35
26 115
172 169
199 43
32 51
118 54
16 43
35 56
120 100
53 110
56 115
129 105
74 169
4 46
23 59
97 8
83 110
182 52
187 167
57 57
15 60
106 178
133 52
78 116
13 172
154 111
76 191
15 181
48 129
189 68
194 183
6 132
119 9
124 124
36 11
22 76
168 130
189 189
115 11
142 114
1 138
161 127
174 66
119 130
64 194
31 17
168 22
66 11
107 12
52 76
126 25
167 63
43 27
15 194
1 30
128 71
91 189
126 146
43 148
100 130
17 132
130 9
61 138
190 23
80 151
167 76
79 192
65 28
26 36
31 151
130 130
75 194
33 197
126 159
19 33
63 76
123 90
197 39
95 28
67 195
141 144
12 30
171 23
102 152
0 141
46 28
32 93
68 46
141 36
72 165
56 157
47 108
88 146
129 147
41 34
60 47
65 162
7 157
34 31
139 47
125 149
180 85
102 165
14 52
160 106
113 31
178 160
7 49
48 50
125 41
143 58
60 60
113 152
132 165
151 178
44 52
2 55
76 4
48 171
125 162
60 181
113 44
44 173
16 111
189 2
34 165
175 104
92 106
37 170
50 109
140 2
131 182
98 5
84 107
101 10
1 72
193 13
17 53
110 15
22 131
29 63
105 58
110 136
108 63
94 128
66 66
126 80
79 5
29 184
189 136
82 10
1 85
45 128
193 26
158 5
149 185
66 187
38 125
115 79
15 141
156 80
161 195
109 5
31 85
94 141
88 67
179 185
198 198
189 149
109 126
54 190
45 141
141 78
191 195
130 185
42 72
116 21
61 85
0 75
198 90
98 152
192 16
54 82
150 19
114 96
155 134
174 147
86 34
158 139
177 152
75 141
148 94
179 198
165 34
51 161
68 101
183 88
26 104
86 155
125 83
116 34
51 53
21 147
134 24
53 99
92 27
37 91
56 104
171 91
116 155
157 156
9 29
160 161
5 58
32 161
51 174
104 37
49 101
111 161
41 102
35 58
76 59
139 115
92 40
157 169
71 102
150 166
2 2
43 3
84 41
92 161
124 113
69 177
55 13
96 51
127 118
182 54
173 5
159 107
194 64
4 169
97 131
17 108
50 56
36 121
124 5
55 134
94 62
168 11
186 65
43 16
115 121
1 19
161 8
92 174
119 11
110 191
77 14
27 193
66 121
140 70
145 185
186 186
98 73
101 78
45 183
75 62
195 127
140 191
66 13
126 27
24 16
170 70
15 196
109 60
73 137
77 27
22 91
89 81
80 32
121 70
181 84
126 148
84 188
82 78
1 153
155 68
58 135
75 75
52 91
179 132
198 145
172 92
28 84
102 33
60 36
46 138
63 78
183 143
81 95
67 197
171 25
146 197
51 108
178 149
34 141
67 89
111 95
28 97
102 46
60 49
44 41
97 52
55 55
32 108
118 111
71 36
134 92
153 105
50 98
69 111
71 157
7 172
103 109
122 122
97 65
124 168
127 173
154 47
44 175
159 162
189 4
106 6
97 186
69 124
196 165
173 181
161 63
166 178
64 130
36 68
182 122
94 9
38 114
186 12
131 76
184 168
15 130
175 119
59 173
133 122
45 9
168 79
79 7
87 127
128 128
161 76
105 181
195 74
93 26
137 69
82 133
161 197
169 21
155 123
193 149
191 76
130 66
190 80
195 195
181 31
49 77
54 192
128 141
21 15
26 93
199 21
176 74
47 152
88 190
162 139
181 152
19 90
179 79
197 96
172 39
72 101
9 18
146 23
104 26
109 141
125 85
144 98
89 162
9 139
74 39
5 168
32 42
118 45
104 147
21 149
95 98
134 26
194 40
180 142
97 107
69 45
160 163
35 168
9 152
96 40
30 174
62 163
134 39
110 59
160 176
8 48
30 66
145 53
131 118
84 43
6 123
111 176
152 177
64 64
50 166
105 102
96 53
25 109
57 61
43 126
18 69
23 184
17 110
99 179
38 169
112 118
126 16
131 131
76 195
24 5
115 123
87 61
161 10
108 120
8 182
168 134
79 62
24 126
170 180
15 77
147 196
59 120
177 75
88 3
82 188
15 198
68 24
128 75
133 190
141 14
12 129
45 77
58 16
135 199
155 70
141 135
86 199
12 21
158 75
144 140
177 88
130 13
116 78
135 91
33 80
19 145
198 147
137 137
183 24
128 88
47 99
88 137
162 86
19 37
146 78
197 43
40 96
26 161
116 91
129 30
74 94
148 43
146 199
13 84
32 97
51 110
178 151
172 107
5 115
132 156
151 169
44 43
104 94
178 43
20 100
37 40
97 54
83 156
160 110
60 172
13 97
32 110
16 102
90 51
35 115
48 54
14 177
129 164
143 62
25 43
85 57
30 121
120 51
20 113
166 167
18 3
118 126
29 54
103 3
6 70
133 111
188 47
50 113
124 62
182 3
94 119
30 134
145 121
186 122
98 9
43 73
29 175
142 52
147 130
124 183
182 124
168 189
154 62
52 14
38 116
57 129
73 73
147 22
86 12
36 191
163 3
22 27
168 81
107 71
126 84
112 186
167 122
198 189
128 130
45 132
158 9
177 22
195 76
140 140
179 68
198 81
63 122
40 138
155 125
174 138
172 28
195 197
33 135
181 33
146 12
46 74
65 87
63 14
54 194
169 144
40 30
81 31
26 95
12 197
67 133
70 138
199 23
89 151
47 154
134 15
53 90
42 197
146 25
46 87
151 103
164 42
150 144
141 95
39 47
23 39
162 154
146 146
104 149
76 50
150 36
81 165
120 93
194 42
92 31
37 95
9 33
160 165
27 50
16 157
164 55
122 58
166 101
50 155
118 60
106 171
69 60
160 178
173 117
16 170
43 7
115 112
2 127
184 104
161 120
193 72
110 74
22 190
128 64
193 193
45 66
191 120
110 195
58 5
75 174
80 23
181 75
179 2
87 184
174 72
31 23
58 126
182 192
121 182
140 195
126 31
79 185
198 136
98 198
65 21
54 128
114 142
188 128
67 67
100 15
158 185
47 88
162 75
167 190
179 15
24 141
63 69
82 82
183 134
128 198
141 137
12 23
177 90
56 29
130 15
116 80
135 93
93 96
46 21
156 152
49 26
150 78
95 142
89 98
171 137
47 101
88 139
129 140
162 88
146 80
165 93
151 158
63 82
49 147
144 155
56 42
60 161
32 99
118 102
150 91
7 42
48 43
53 158
37 150
171 150
143 51
129 153
127 43
90 161
48 164
125 155
138 94
157 107
96 97
90 53
48 56
122 5
120 161
134 96
22 3
30 123
131 175
117 48
48 177
120 53
193 6
108 164
182 113
112 54
186 3
2 182
43 183
29 56
189 8
193 127
91 116
3 3
94 121
52 124
167 111
112 175
15 13
106 131
147 132
18 18
100 57
124 185
22 137
94 13
135 14
24 183
15 134
54 62
188 62
36 193
135 135
80 199
198 191
79 11
40 19
12 186
45 134
31 199
191 188
79 132
192 9
197 87
169 25
174 140
86 27
42 186
179 191
146 14
10 153
151 92
12 199
172 151
39 36
199 25
42 78
16 25
169 38
199 146
69 36
93 164
146 27
16 146
90 95
150 146
81 46
70 153
185 103
102 105
146 148
81 167
122 168
175 31
139 108
152 47
50 36
14 113
196 90
13 154
90 108
48 111
194 165
152 168
96 44
108 98
127 111
44 113
159 100
30 178
164 178
120 108
194 57
180 159
6 6
59 98
154 106
103 60
15 176
194 178
22 71
80 12
85 127
198 4
156 7
4 175
31 12
36 127
110 76
154 119
195 120
33 58
107 7
167 58
65 10
10 74
101 192
87 65
133 181
174 182
31 133
91 184
58 7
80 25
52 192
186 192
84 181
63 58
87 186
54 9
12 12
31 25
17 127
177 79
80 146
46 10
137 128
40 195
31 146
72 147
172 85
75 189
28 77
167 192
179 17
79 79
82 84
109 187
21 74
81 88
199 80
144 144
116 82
190 31
102 147
192 77
137 141
109 79
114 157
12 146
88 141
132 147
165 95
151 160
192 198
159 21
68 162
34 26
144 157
42 146
102 160
41 150
160 101
