# family=random seed=0
60 885
0 3
0 4
0 6
0 8
0 9
0 13
0 16
0 21
0 25
0 26
0 27
0 31
0 33
0 36
0 38
0 41
0 42
0 44
0 45
0 47
0 49
0 52
0 53
0 54
0 57
1 8
1 10
1 12
1 13
1 14
1 17
1 18
1 26
1 28
1 35
1 40
1 42
1 45
1 47
1 48
1 50
1 52
1 53
1 55
2 3
2 7
2 8
2 10
2 11
2 13
2 14
2 15
2 18
2 19
2 20
2 21
2 22
2 24
2 25
2 27
2 28
2 30
2 31
2 35
2 38
2 41
2 42
2 44
2 45
2 46
2 47
2 50
2 51
2 53
2 55
2 57
2 58
2 59
3 4
3 6
3 7
3 8
3 13
3 14
3 16
3 17
3 18
3 19
3 21
3 24
3 25
3 27
3 29
3 30
3 31
3 32
3 34
3 38
3 39
3 40
3 44
3 47
3 50
3 52
3 53
3 55
3 58
3 59
4 7
4 9
4 11
4 12
4 13
4 14
4 17
4 20
4 22
4 23
4 24
4 30
4 37
4 39
4 41
4 42
4 43
4 46
4 48
4 49
4 51
4 52
4 54
4 55
4 56
4 57
4 58
5 6
5 7
5 8
5 9
5 10
5 12
5 15
5 16
5 18
5 19
5 24
5 27
5 28
5 30
5 31
5 32
5 34
5 35
5 38
5 39
5 41
5 43
5 44
5 45
5 49
5 51
5 52
5 53
5 54
5 56
5 57
5 58
5 59
6 8
6 11
6 12
6 15
6 17
6 18
6 19
6 21
6 23
6 24
6 28
6 29
6 30
6 36
6 37
6 39
6 40
6 41
6 42
6 44
6 45
6 46
6 59
7 11
7 13
7 18
7 19
7 21
7 22
7 25
7 26
7 28
7 30
7 31
7 33
7 34
7 35
7 36
7 40
7 42
7 44
7 45
7 46
7 47
7 48
7 51
7 53
7 54
7 56
7 59
8 10
8 11
8 15
8 24
8 26
8 28
8 30
8 31
8 33
8 38
8 39
8 44
8 45
8 46
8 47
8 51
8 52
8 55
8 56
8 58
9 12
9 13
9 14
9 15
9 16
9 17
9 20
9 22
9 23
9 26
9 27
9 28
9 29
9 32
9 33
9 34
9 36
9 38
9 39
9 40
9 44
9 46
9 48
9 52
9 53
9 55
9 56
9 57
9 58
9 59
10 11
10 12
10 13
10 16
10 17
10 19
10 20
10 21
10 23
10 24
10 25
10 27
10 28
10 29
10 30
10 33
10 37
10 38
10 40
10 41
10 42
10 44
10 45
10 47
10 48
10 49
10 52
10 53
10 57
10 59
11 14
11 16
11 18
11 20
11 21
11 24
11 25
11 26
11 27
11 31
11 33
11 34
11 36
11 38
11 39
11 40
11 45
11 47
11 50
11 51
11 53
11 55
11 57
11 59
12 13
12 14
12 15
12 17
12 19
12 20
12 22
12 24
12 25
12 27
12 29
12 34
12 35
12 41
12 43
12 44
12 45
12 46
12 47
12 48
12 50
12 51
12 54
12 56
12 58
13 14
13 15
13 16
13 19
13 20
13 21
13 22
13 23
13 24
13 26
13 31
13 33
13 34
13 42
13 44
13 45
13 46
13 47
13 48
13 50
13 54
13 56
13 57
13 58
14 16
14 17
14 18
14 19
14 20
14 21
14 22
14 24
14 25
14 28
14 30
14 31
14 33
14 35
14 36
14 38
14 41
14 42
14 43
14 44
14 46
14 48
14 49
14 50
14 53
14 54
14 55
14 56
14 59
15 16
15 18
15 20
15 21
15 22
15 25
15 26
15 27
15 29
15 31
15 32
15 38
15 40
15 42
15 46
15 48
15 51
15 53
15 54
15 57
15 59
16 17
16 18
16 21
16 27
16 31
16 35
16 38
16 39
16 40
16 41
16 44
16 46
16 47
16 49
16 54
16 55
16 56
16 59
17 18
17 21
17 23
17 24
17 27
17 28
17 30
17 31
17 32
17 34
17 35
17 37
17 39
17 40
17 41
17 42
17 43
17 46
17 47
17 48
17 52
17 53
17 55
17 56
17 57
17 58
18 21
18 22
18 25
18 26
18 28
18 31
18 32
18 36
18 37
18 39
18 42
18 44
18 45
18 46
18 47
18 48
18 49
18 51
18 52
18 53
18 54
18 55
19 21
19 23
19 25
19 26
19 27
19 29
19 33
19 35
19 37
19 40
19 42
19 48
19 51
19 53
19 57
19 59
20 24
20 25
20 26
20 27
20 30
20 35
20 37
20 39
20 40
20 42
20 43
20 48
20 49
20 50
20 57
21 24
21 28
21 31
21 34
21 35
21 41
21 43
21 45
21 48
21 49
21 51
21 56
22 24
22 28
22 29
22 30
22 31
22 33
22 36
22 38
22 39
22 41
22 43
22 44
22 45
22 47
22 49
22 50
22 51
22 52
22 54
22 58
23 26
23 29
23 30
23 31
23 32
23 33
23 34
23 37
23 39
23 44
23 46
23 49
23 50
23 52
23 53
23 56
23 59
24 27
24 30
24 32
24 33
24 34
24 35
24 36
24 38
24 42
24 44
24 45
24 46
24 47
24 52
24 53
24 54
24 56
24 58
24 59
25 26
25 27
25 28
25 29
25 32
25 34
25 35
25 36
25 42
25 43
25 45
25 46
25 47
25 48
25 49
25 50
25 53
25 54
25 57
25 58
25 59
26 30
26 32
26 34
26 36
26 37
26 40
26 41
26 42
26 43
26 45
26 46
26 49
26 53
26 56
26 57
26 58
26 59
27 28
27 29
27 31
27 33
27 35
27 37
27 38
27 41
27 44
27 46
27 50
27 51
27 52
27 54
27 55
27 56
27 59
28 29
28 32
28 33
28 34
28 35
28 36
28 38
28 43
28 44
28 46
28 47
28 48
28 49
28 52
28 54
28 56
28 57
28 59
29 33
29 34
29 35
29 38
29 41
29 46
29 48
29 50
29 52
29 53
29 55
29 57
29 58
30 31
30 32
30 33
30 34
30 40
30 41
30 42
30 45
30 49
30 50
30 53
30 56
30 58
31 35
31 38
31 45
31 46
31 53
31 56
31 59
32 34
32 37
32 38
32 39
32 41
32 42
32 47
32 50
32 56
32 58
32 59
33 34
33 35
33 40
33 42
33 44
33 45
33 46
33 48
33 50
33 51
33 53
33 56
33 57
33 58
33 59
34 37
34 38
34 39
34 40
34 42
34 45
34 47
34 51
34 56
34 57
34 58
34 59
35 37
35 38
35 39
35 42
35 43
35 45
35 46
35 47
35 49
35 52
35 54
35 55
35 56
35 58
36 37
36 39
36 41
36 42
36 43
36 47
36 48
36 49
36 50
36 51
36 52
36 54
36 55
36 56
36 57
37 43
37 44
37 46
37 47
37 49
37 53
37 54
37 55
37 56
37 57
37 59
38 39
38 40
38 41
38 42
38 43
38 46
38 48
38 49
38 52
38 53
38 54
38 56
38 58
38 59
39 42
39 49
39 52
39 56
39 59
40 42
40 43
40 45
40 47
40 48
40 49
40 50
40 51
40 53
40 55
40 56
40 57
40 59
41 43
41 44
41 46
41 47
41 48
41 49
41 50
41 51
41 57
41 58
42 45
42 46
42 50
42 52
42 53
42 54
43 46
43 50
43 55
43 56
43 57
44 46
44 47
44 48
44 49
44 51
44 55
44 59
45 47
45 49
45 50
45 51
45 54
45 55
45 59
46 47
46 51
46 52
46 56
46 57
46 58
47 48
47 50
47 51
47 53
47 55
47 56
47 57
47 59
48 51
48 53
48 56
48 57
48 59
49 51
49 52
49 54
49 56
49 57
49 58
50 52
50 54
50 55
50 57
50 58
51 55
51 56
51 57
51 58
51 59
52 53
52 54
52 56
52 59
53 55
53 56
53 57
53 59
54 55
54 58
55 56
56 58
57 59
